-1 0.000977 0.283601 -0.189176 0.264686 -0.904920 0.281945 -0.904920
-1 0.000977 0.612005 -0.047092 0.021920 0.832131 -0.261382 0.832131
-1 0.000977 -0.559148 0.010691 0.002541 0.370090 -0.178149 0.370090
-1 0.000977 -0.529481 0.174253 0.153942 -0.338833 -0.895148 -0.338833
-1 0.000977 -0.398758 0.095373 -0.028414 -0.334150 0.709167 -0.334150
-1 0.000977 -1.342124 1.347167 -0.044856 0.221449 0.216944 0.221449
-1 0.000977 0.065902 -0.414464 -0.159636 -0.263415 -0.206164 -0.263415
-1 0.000977 0.746831 1.229034 -0.417692 0.310925 0.096742 0.310925
-1 0.000977 0.313805 1.830436 -0.764424 -0.246929 0.125699 -0.246929
-1 0.000977 0.303632 0.187953 -0.123629 -0.038744 0.563920 -0.038744
-1 0.000977 0.202278 -0.235872 -0.148517 0.458176 -0.002855 0.458176
-1 0.000977 1.007049 -0.978362 0.354001 0.581109 0.116240 0.581109
-1 0.000977 -0.533817 0.625639 -0.067684 0.085254 -0.506706 0.085254
-1 0.000977 0.007467 -0.010082 -0.060652 0.048044 -0.539936 0.048044
-1 0.000977 0.355821 -0.479061 0.334323 0.144038 0.388618 0.144038
-1 0.000977 -0.608871 0.095447 -0.059695 -0.767483 0.089707 -0.767483
-1 0.000977 -0.392783 -0.279378 -0.098817 0.088657 -0.254961 0.088657
-1 0.000977 0.239510 -0.284998 -0.094564 0.197842 0.422599 0.197842
-1 0.000977 -0.329025 0.029442 -0.154709 0.720267 -0.581879 0.720267
-1 0.000977 -0.027478 0.384540 1.990922 -0.055705 -0.020048 -0.055705
-1 0.000977 -0.038012 -0.020144 -0.014087 0.200489 0.463919 0.200489
-1 0.000977 -0.462277 -0.636966 -0.129864 -0.520761 0.000618 -0.520761
-1 0.000977 -0.075459 -0.350028 -0.031084 0.009995 0.424713 0.009995
-1 0.000977 0.448797 -0.125760 0.467450 -0.398513 0.751889 -0.398513
-1 0.000977 0.164520 0.285101 0.012193 -0.537374 -0.229031 -0.537374
-1 0.000977 0.690562 0.929984 0.752299 -0.041242 0.440498 -0.041242
-1 0.000977 -0.552410 -0.181105 -0.108379 0.018296 0.625709 0.018296
-1 0.000977 -0.168015 -0.103814 -0.033785 -0.020359 -0.026201 -0.020359
-1 0.000977 -0.133456 0.178603 0.042654 0.254916 0.152341 0.254916
-1 0.000977 -0.658269 0.718649 0.300224 -0.438154 0.309509 -0.438154
-1 0.000977 0.235690 0.221053 0.017768 0.525377 -0.459733 0.525377
-1 0.000977 -0.040236 1.192214 -0.331885 -0.449224 -0.323650 -0.449224
-1 0.000977 0.525646 0.713397 0.024384 -0.203343 0.404768 -0.203343
-1 0.000977 0.865986 -0.198345 0.020727 -0.022655 0.258870 -0.022655
-1 0.000977 0.345201 0.202999 -0.092365 -0.292372 0.054469 -0.292372
-1 0.000977 0.493738 0.044711 -0.075453 0.406447 -0.760161 0.406447
-1 0.000977 0.021266 0.670816 0.063564 0.138561 0.590681 0.138561
-1 0.000977 -0.138907 -0.046847 -0.081382 -0.463715 -0.063885 -0.463715
-1 0.000977 0.389976 -0.399664 -0.178929 0.021345 0.613815 0.021345
-1 0.000977 0.985823 -0.286258 0.002568 -0.106444 -0.347794 -0.106444
-1 0.000977 -0.122908 -0.034303 -0.081990 -0.126864 0.231712 -0.126864
-1 0.000977 -0.500667 0.522999 0.035799 -1.017934 0.005692 -1.017934
-1 0.000977 0.822163 -0.520370 -0.030582 0.447189 -0.418372 0.447189
-1 0.000977 0.927521 -0.692584 -1.773132 -0.152407 -0.405164 -0.152407
-1 0.000977 -0.010740 0.002953 0.028709 -0.090096 -0.480969 -0.090096
-1 0.000977 -0.177216 -0.017745 0.033743 0.018014 1.220661 0.018014
-1 0.000977 0.867109 -0.594580 0.238662 -0.006946 0.187555 -0.006946
-1 0.000977 1.008722 1.456340 0.454844 -0.522173 -0.358291 -0.522173
-1 0.000977 -0.307899 -0.329580 -0.057216 0.202258 -0.010966 0.202258
-1 0.000977 -0.321635 0.368991 0.210773 -0.024420 -0.202965 -0.024420
-1 0.000977 -0.234465 0.074393 0.013815 -0.654450 0.446005 -0.654450
-1 0.000977 -0.098206 0.680030 -0.208645 0.457196 0.007876 0.457196
-1 0.000977 -0.141147 0.856726 1.203038 0.123393 -0.448662 0.123393
-1 0.000977 -0.287214 -0.138755 -0.102261 0.270309 0.457980 0.270309
-1 0.000977 -0.099862 -0.830057 -0.079334 -0.217109 -0.553054 -0.217109
-1 0.000977 -0.003090 0.179337 0.034461 0.009614 0.962085 0.009614
-1 0.000977 0.155057 -0.474637 -0.022117 -0.249314 0.039678 -0.249314
-1 0.000977 0.012484 -0.277069 -0.128642 -0.661555 -0.036148 -0.661555
-1 0.000977 0.260901 -0.044978 0.111007 0.148310 0.003633 0.148310
-1 0.000977 -0.763331 -0.060619 -0.041451 -0.928432 0.567755 -0.928432
-1 0.000977 -0.181564 0.348464 0.022190 -0.501456 0.252381 -0.501456
-1 0.000977 -0.077872 1.317679 -0.377002 -0.109698 -0.221597 -0.109698
-1 0.000977 2.152636 -0.671706 -0.278574 0.130706 0.596209 0.130706
-1 0.000977 1.383494 0.040928 -0.262327 -0.363673 0.261893 -0.363673
-1 0.000977 -3.928114 -5.110504 -2.097899 -0.081210 -0.006893 -0.081210
-1 0.000977 -0.905474 -1.546589 1.685584 -0.054789 0.476507 -0.054789
-1 0.000977 0.371848 -0.156506 0.024919 -0.224173 0.972451 -0.224173
-1 0.000977 -0.434751 -1.060203 0.792490 -0.156240 0.015071 -0.156240
-1 0.000977 -0.356806 0.347778 0.438059 -0.634573 -0.202273 -0.634573
-1 0.000977 -0.723908 -1.098808 0.882629 -0.331199 -0.033073 -0.331199
-1 0.000977 1.637825 0.372730 -0.207147 -0.534442 -0.130986 -0.534442
-1 0.000977 -0.314815 0.211977 -0.936966 -0.348486 -0.009201 -0.348486
-1 0.000977 0.237771 -0.199995 -1.042831 0.185544 -0.178872 0.185544
-1 0.000977 -0.169072 -0.147995 0.016899 -0.294194 0.561597 -0.294194
-1 0.000977 0.399015 0.040516 -0.115757 0.089155 -0.121350 0.089155
-1 0.000977 0.151918 -0.077517 -0.112887 -0.139493 0.639594 -0.139493
-1 0.000977 -0.694361 -1.180313 0.058536 -0.429890 0.249548 -0.429890
-1 0.000977 0.480047 0.789855 0.049549 0.236280 -0.084394 0.236280
-1 0.000977 0.097287 0.006766 -0.143752 -0.088851 0.086137 -0.088851
-1 0.000977 -0.758113 0.381668 0.455448 0.181002 -0.094665 0.181002
-1 0.000977 -0.984461 0.313572 -0.528781 -0.440012 0.120492 -0.440012
-1 0.000977 -0.106617 -0.766005 -0.262060 0.108596 0.663223 0.108596
-1 0.000977 -0.388504 0.137818 -0.056041 -0.090350 -0.322025 -0.090350
-1 0.000977 0.023473 0.169012 0.178253 0.295939 -0.613963 0.295939
-1 0.000977 -0.363338 -0.054544 -0.011091 0.005486 -0.728120 0.005486
-1 0.000977 0.146537 -1.648061 0.142885 0.483311 -0.700415 0.483311
-1 0.000977 0.270139 -0.390747 -0.127401 0.290806 -0.254362 0.290806
-1 0.000977 -0.055582 -0.400539 -3.356152 0.142186 -0.241399 0.142186
-1 0.000977 0.112008 1.024360 0.264361 -0.058291 -0.028995 -0.058291
-1 0.000977 0.152410 -0.470884 0.006055 -0.686016 -0.614561 -0.686016
-1 0.000977 0.523578 -0.071125 0.009141 0.417283 -0.478658 0.417283
-1 0.000977 -0.399875 -0.196028 -0.085246 -0.290966 0.110476 -0.290966
-1 0.000977 0.458535 0.975814 0.287413 0.016307 0.175939 0.016307
-1 0.000977 0.422052 -0.601606 0.030097 0.236042 -0.620211 0.236042
-1 0.000977 -1.128215 -0.450956 1.130420 0.111314 0.023433 0.111314
-1 0.000977 -0.196637 -0.112151 -0.310630 -0.182357 -0.184168 -0.182357
-1 0.000977 -0.365674 0.371942 0.211741 0.435623 -0.416062 0.435623
-1 0.000977 -0.057754 -0.542132 -0.415189 -0.195018 0.691939 -0.195018
-1 0.000977 0.403366 0.208817 -0.028258 -0.291705 -0.099881 -0.291705
-1 0.000977 0.537022 0.104632 -0.040116 0.212013 -0.630756 0.212013
-1 0.000977 -0.132514 -0.250818 0.958820 -0.729120 -0.373609 -0.729120
-1 0.000977 1.027319 -0.199903 0.244284 1.575220 0.568121 1.575220
-1 0.000977 1.168397 -0.251380 0.007640 -0.087696 0.014524 -0.087696
-1 0.000977 -0.305495 -0.822886 -0.302949 -0.370676 0.137245 -0.370676
-1 0.000977 -0.742556 0.765299 1.348268 0.330417 0.165882 0.330417
-1 0.000977 -0.459120 -0.740754 -0.000801 -0.378681 -0.305688 -0.378681
-1 0.000977 0.467581 -0.106899 -0.037712 -0.056354 -0.024499 -0.056354
-1 0.000977 -0.268307 -0.327561 -0.014305 0.444492 -0.364978 0.444492
-1 0.000977 -0.125184 0.132805 0.116665 -0.353078 -0.210779 -0.353078
-1 0.000977 0.309557 -0.731814 -0.639421 0.469428 0.136095 0.469428
-1 0.000977 0.087497 -0.328737 0.162731 0.404887 -0.329742 0.404887
-1 0.000977 -0.226407 -0.396165 -0.114768 -0.181240 0.051878 -0.181240
-1 0.000977 -0.254965 -0.509373 0.018474 0.588702 0.358079 0.588702
-1 0.000977 -0.197682 -0.062112 -0.057572 -0.227936 0.868463 -0.227936
-1 0.000977 0.414383 -0.122106 -0.064356 0.082500 -0.788681 0.082500
-1 0.000977 -0.777083 0.095066 0.035701 0.940902 0.141359 0.940902
-1 0.000977 0.191755 -0.083500 -0.140975 -0.139911 0.685543 -0.139911
-1 0.000977 0.332058 0.016723 0.037867 0.196620 -0.494369 0.196620
-1 0.000977 -0.230473 0.119424 0.037217 -0.132319 0.146421 -0.132319
-1 0.000977 -0.525116 -0.024739 -0.118091 -0.191256 0.116753 -0.191256
-1 0.000977 -0.217684 -0.236954 -0.129900 -0.500183 0.603016 -0.500183
-1 0.000977 -0.081082 -0.264352 -0.165381 -0.241753 -0.175363 -0.241753
-1 0.000977 -0.257446 -0.646572 -0.049060 0.006852 0.212953 0.006852
-1 0.000977 -0.007590 0.028113 -0.055628 0.161136 0.139460 0.161136
-1 0.000977 0.499717 -0.635478 -0.291620 -0.092319 0.440638 -0.092319
-1 0.000977 0.133522 -0.531719 -0.097146 -0.067895 -0.105476 -0.067895
-1 0.000977 -0.143020 -0.083127 -0.053499 -0.506436 -0.221245 -0.506436
-1 0.000977 1.730416 0.124133 1.473604 0.352547 -0.045454 0.352547
-1 0.000977 -0.210393 1.140144 2.172891 0.249286 -0.265141 0.249286
-1 0.000977 -0.158407 -0.182995 0.004443 0.063211 -0.522827 0.063211
-1 0.000977 0.147595 -0.179862 0.002218 0.179392 0.370409 0.179392
-1 0.000977 -0.055930 0.158912 -0.016067 -0.290174 0.486968 -0.290174
-1 0.000977 -0.149954 -0.295737 -0.137656 -0.112202 -0.223764 -0.112202
-1 0.000977 0.777968 -0.162581 1.144334 -0.241541 -0.228481 -0.241541
-1 0.000977 3.929933 -3.545009 6.194781 0.144926 -0.047060 0.144926
-1 0.000977 -0.137621 -0.026438 0.289725 -0.166054 -0.593925 -0.166054
-1 0.000977 -0.151031 0.036288 0.591005 0.179679 -0.174188 0.179679
-1 0.000977 0.023986 -0.112006 -0.034946 -0.182971 -0.882137 -0.182971
-1 0.000977 -1.864818 1.766039 -2.564146 -0.090990 -0.520909 -0.090990
-1 0.000977 -0.134520 0.235299 -0.043745 0.231227 0.128635 0.231227
-1 0.000977 0.357091 -0.381603 -0.155642 -0.394161 -0.451071 -0.394161
-1 0.000977 -0.086124 -0.390571 -0.500944 -0.145657 0.353307 -0.145657
-1 0.000977 0.397126 0.111797 -0.625012 0.378792 -0.056316 0.378792
-1 0.000977 -0.830851 -0.437901 -0.094447 -0.777693 -0.423305 -0.777693
-1 0.000977 0.851802 0.948573 0.397386 -0.293728 -0.305275 -0.293728
-1 0.000977 0.065373 -0.850116 0.226586 0.177390 0.116191 0.177390
-1 0.000977 0.312252 -0.298490 0.153716 -0.185241 -0.365251 -0.185241
-1 0.000977 0.425228 -0.437757 0.644172 0.037234 0.287731 0.037234
-1 0.000977 -0.939398 -0.598460 -0.591827 -0.596704 0.130351 -0.596704
-1 0.000977 -0.780779 0.506521 0.002362 -0.457317 0.537711 -0.457317
-1 0.000977 -1.105737 -0.581841 0.093871 0.423145 -0.015254 0.423145
-1 0.000977 1.267677 -2.226778 -0.419576 -0.506949 0.309968 -0.506949
-1 0.000977 0.740007 -0.025811 -3.524212 0.087080 0.231633 0.087080
-1 0.000977 -0.203740 0.597978 0.002838 0.129305 0.777421 0.129305
-1 0.000977 0.224160 0.795663 0.155935 -0.138326 0.051943 -0.138326
-1 0.000977 -0.505293 -0.612050 -0.141360 -0.237914 0.199598 -0.237914
-1 0.000977 0.872751 -0.548897 0.180076 -0.130898 -0.181620 -0.130898
-1 0.000977 0.591890 0.038504 -0.017687 0.456978 -0.149830 0.456978
-1 0.000977 0.453118 1.793761 -1.724747 0.190087 0.068458 0.190087
-1 0.000977 -0.222524 -0.295314 -0.876755 0.082511 -0.233162 0.082511
-1 0.000977 -0.022624 -0.267033 -0.663603 -0.763290 -0.445300 -0.763290
-1 0.000977 -0.673767 0.601091 0.312692 0.336803 0.137049 0.336803
-1 0.000977 -0.282555 -0.168831 0.008100 0.130966 0.344041 0.130966
-1 0.000977 0.370945 0.818443 -0.241245 0.372723 -0.021033 0.372723
-1 0.000977 1.432587 -0.627895 2.638668 -0.019252 0.112508 -0.019252
-1 0.000977 0.899604 -0.153569 0.025827 -0.094184 0.280162 -0.094184
-1 0.000977 -0.252759 0.214137 0.137308 0.011003 -0.209375 0.011003
-1 0.000977 -4.761253 -0.361561 1.745893 0.000899 -0.063437 0.000899
-1 0.000977 0.396057 -0.424339 -0.084893 0.678020 0.761093 0.678020
-1 0.000977 1.201804 -0.761895 0.283214 0.487565 0.308519 0.487565
-1 0.000977 -0.211719 0.005492 0.022169 -0.542960 -0.235001 -0.542960
-1 0.000977 -1.119978 0.660933 0.123849 -0.250271 -0.177724 -0.250271
-1 0.000977 -0.378341 -0.668697 -0.121238 -0.496228 -0.673715 -0.496228
-1 0.000977 0.104759 -0.535183 -0.261756 -0.182286 0.170182 -0.182286
-1 0.000977 0.067036 -0.781912 0.108179 -0.113967 -0.403532 -0.113967
-1 0.000977 -0.731488 0.094825 0.035895 0.154603 -0.033748 0.154603
-1 0.000977 -0.647742 -1.490410 0.843516 -0.272535 0.251394 -0.272535
-1 0.000977 1.894255 -0.589745 -0.129979 0.491632 0.113080 0.491632
-1 0.000977 0.128240 -0.111475 -0.007417 0.342234 0.192040 0.342234
-1 0.000977 0.238576 -0.354410 -0.104245 -0.093503 0.514697 -0.093503
-1 0.000977 -0.838540 -0.450395 -0.480484 -0.402882 -0.104426 -0.402882
-1 0.000977 -0.071092 -0.340104 -0.018974 -0.130352 0.163903 -0.130352
-1 0.000977 0.191134 -0.448931 -0.038797 0.020732 0.669095 0.020732
-1 0.000977 -7.433819 -1.567041 4.584497 0.296484 0.073646 0.296484
-1 0.000977 -0.768073 0.520807 0.176059 -0.355398 0.010909 -0.355398
-1 0.000977 -0.637281 0.167385 0.539673 0.272197 -0.460526 0.272197
-1 0.000977 0.017205 -0.458730 0.404415 -0.171389 0.191814 -0.171389
-1 0.000977 -0.267067 -0.438058 -1.282182 0.427294 -0.031888 0.427294
-1 0.000977 0.236237 0.811904 0.115841 0.364737 0.215860 0.364737
-1 0.000977 -0.332796 -0.966361 0.020288 0.183974 -0.846554 0.183974
-1 0.000977 0.379558 0.538745 0.046910 0.013887 -0.128692 0.013887
-1 0.000977 -0.339043 0.075737 0.092604 -0.315556 -0.143569 -0.315556
-1 0.000977 0.137649 -0.227343 -0.122433 0.389839 -0.211391 0.389839
-1 0.000977 -0.502687 0.249092 0.031297 -0.514674 -0.013921 -0.514674
-1 0.000977 -0.174576 0.459382 0.246039 -0.169111 0.198808 -0.169111
-1 0.000977 -0.085695 -0.343010 0.001833 -0.165070 0.731935 -0.165070
-1 0.000977 0.590058 0.725621 -0.005783 -0.106538 -0.060013 -0.106538
-1 0.000977 -0.810028 0.471340 0.947586 0.335921 -0.547704 0.335921
-1 0.000977 0.238852 -1.032831 -0.238170 0.445578 -0.171139 0.445578
-1 0.000977 0.223548 0.125089 -0.021740 0.044229 0.306479 0.044229
-1 0.000977 -0.116982 0.265268 0.496760 0.351531 -0.272887 0.351531
-1 0.000977 -0.830471 -0.160372 -0.052716 -0.560063 0.203353 -0.560063
-1 0.000977 0.273604 -0.083479 0.086216 0.256067 0.296628 0.256067
-1 0.000977 0.083037 0.425041 0.161335 -0.140183 -0.476902 -0.140183
-1 0.000977 -0.577451 0.058253 -0.871076 0.010230 -0.072031 0.010230
-1 0.000977 -0.117297 0.449337 -0.034409 0.647822 0.071186 0.647822
-1 0.000977 -0.439241 1.592114 -1.020614 0.422709 0.400819 0.422709
-1 0.000977 -0.059716 0.105179 -0.124417 0.144964 -0.920146 0.144964
-1 0.000977 -0.244996 0.152661 -0.090412 0.397622 0.177247 0.397622
-1 0.000977 -0.916104 0.629978 -0.036573 -0.089898 0.476042 -0.089898
-1 0.000977 0.227456 0.661901 0.085000 -0.227804 0.207327 -0.227804
-1 0.000977 0.224085 0.439498 -0.084120 0.212728 0.692524 0.212728
-1 0.000977 0.014356 0.228114 0.167195 0.261116 -0.686677 0.261116
-1 0.000977 -1.101911 -0.522448 0.139332 0.309885 0.417424 0.309885
-1 0.000977 0.128844 0.514627 -0.197037 -0.545436 0.664120 -0.545436
-1 0.000977 0.480546 0.668887 -0.189389 -0.552632 0.465532 -0.552632
-1 0.000977 0.132249 0.358033 0.027729 -0.069751 -0.058894 -0.069751
-1 0.000977 -0.375371 -0.565386 0.391482 0.045111 0.570025 0.045111
-1 0.000977 0.597153 0.652636 -0.318694 0.239755 -0.122820 0.239755
-1 0.000977 -0.141680 0.100734 -0.065471 0.144143 0.469877 0.144143
-1 0.000977 -0.165760 0.458881 -0.058412 0.160811 0.498194 0.160811
-1 0.000977 -0.710879 -0.045663 -0.599279 -0.345964 -0.196222 -0.345964
-1 0.000977 -0.270396 0.316224 -0.058714 -0.113221 0.395041 -0.113221
-1 0.000977 0.338695 0.088484 -0.041666 0.809796 0.764201 0.809796
-1 0.000977 4.179185 1.185375 -1.388292 0.268074 -0.037200 0.268074
-1 0.000977 0.271303 -0.208317 -0.132750 0.213722 -0.395513 0.213722
-1 0.000977 0.853462 -0.097329 -0.087199 -0.598990 0.237640 -0.598990
-1 0.000977 0.486644 0.238907 0.328554 0.071572 -0.428922 0.071572
-1 0.000977 0.088005 0.368640 0.051593 -0.380027 0.402775 -0.380027
-1 0.000977 0.011305 -0.877740 -0.026588 0.735953 -0.531691 0.735953
-1 0.000977 0.518081 -1.085257 0.589194 -0.227974 0.318634 -0.227974
-1 0.000977 -0.157600 -0.029922 0.016300 0.116010 0.514535 0.116010
-1 0.000977 0.565854 0.061327 0.005960 0.174190 0.274763 0.174190
-1 0.000977 -0.432089 0.650096 -0.405086 0.127316 -0.327651 0.127316
-1 0.000977 0.151951 0.503521 -0.088481 -0.044844 -0.081223 -0.044844
-1 0.000977 0.253776 1.329402 0.064767 0.400344 -0.084617 0.400344
-1 0.000977 0.201199 -0.055064 -0.083875 -0.401659 -0.217609 -0.401659
-1 0.000977 -0.775808 -0.015970 -0.016905 -0.343629 -0.627458 -0.343629
-1 0.000977 0.478247 -0.429946 -0.243065 -0.611307 0.800676 -0.611307
-1 0.000977 -0.462506 0.073311 -0.028706 -0.466587 -0.138629 -0.466587
-1 0.000977 0.651314 0.783433 -0.384650 -0.055767 -0.219060 -0.055767
-1 0.000977 0.440089 0.377879 0.012928 0.260367 -0.058891 0.260367
-1 0.000977 -0.343332 0.807993 -0.019227 -0.152767 0.457007 -0.152767
-1 0.000977 -0.519276 0.175806 0.040043 -0.024968 -0.103402 -0.024968
-1 0.000977 -0.414490 -0.131426 -0.003217 -0.166918 0.037096 -0.166918
-1 0.000977 -0.004425 0.546697 0.048599 0.056063 0.421196 0.056063
-1 0.000977 0.220985 -1.363872 0.563066 0.162845 0.316799 0.162845
-1 0.000977 -0.224379 0.247181 -0.079242 -0.551038 0.760936 -0.551038
-1 0.000977 -0.342209 0.479504 1.044578 -0.060189 0.221513 -0.060189
-1 0.000977 0.366150 0.179770 -0.160489 -0.085386 0.161427 -0.085386
-1 0.000977 -0.666035 0.199547 0.768276 0.057539 -0.769137 0.057539
-1 0.000977 0.089470 0.530632 0.152101 0.489547 -0.052259 0.489547
-1 0.000977 -0.396453 -0.157805 -0.063577 -0.416925 0.120402 -0.416925
-1 0.000977 0.542359 -0.361816 0.120037 0.081613 -0.379030 0.081613
-1 0.000977 -0.155425 0.057954 -0.242724 -0.560982 0.716555 -0.560982
-1 0.000977 0.240426 0.005408 -0.117975 0.543509 0.136560 0.543509
-1 0.000977 -0.374358 0.014684 0.071984 0.565554 0.000022 0.565554
-1 0.000977 0.039565 -0.231041 -0.075636 -0.052285 -0.034460 -0.052285
-1 0.000977 -0.212060 -0.431934 0.230352 0.226931 0.123302 0.226931
-1 0.000977 -0.198766 -0.101483 -0.090490 -0.003611 -0.146071 -0.003611
-1 0.000977 1.240813 2.012456 -1.939876 0.155854 0.056437 0.155854
-1 0.000977 0.298586 -0.238934 -0.003660 -0.394656 -0.137905 -0.394656
-1 0.000977 -4.989845 2.973421 4.418991 -0.013868 0.030631 -0.013868
-1 0.000977 0.868527 1.452783 -0.608455 0.113084 -0.115823 0.113084
-1 0.000977 0.415066 -0.212103 0.517336 0.518855 -0.201453 0.518855
-1 0.000977 0.640085 0.658824 0.119952 -0.071223 0.529713 -0.071223
-1 0.000977 0.909175 -1.408039 -3.083649 -0.102902 -0.076958 -0.102902
-1 0.000977 -0.034564 0.998909 -0.091382 -0.229299 0.241332 -0.229299
-1 0.000977 0.473642 0.246204 0.015400 -0.068670 -0.349356 -0.068670
-1 0.000977 -0.887415 -0.379705 -0.113310 -0.394062 -0.373653 -0.394062
-1 0.000977 -1.013799 -0.226607 -0.423458 0.724521 -0.016701 0.724521
-1 0.000977 0.107536 -0.275708 0.289004 -0.138702 -0.362933 -0.138702
-1 0.000977 -0.534195 -0.366098 -0.055845 -0.614378 -0.377486 -0.614378
-1 0.000977 -0.337293 0.197471 0.317093 0.089634 0.034576 0.089634
-1 0.000977 -1.241363 0.024625 -0.490888 0.267032 -0.269266 0.267032
-1 0.000977 0.614913 -0.142904 -0.027859 0.039021 0.874057 0.039021
-1 0.000977 0.474000 -0.384877 -0.050054 0.209545 -0.620535 0.209545
-1 0.000977 -0.402903 -0.949709 0.229266 0.099431 0.709340 0.099431
-1 0.000977 0.248943 -1.090567 -0.434866 0.032662 -0.293155 0.032662
-1 0.000977 -0.468609 0.164277 -0.005636 -0.457373 0.570644 -0.457373
-1 0.000977 0.789403 0.173146 0.723368 -0.162451 0.036789 -0.162451
-1 0.000977 -0.271600 0.338433 -0.360636 0.388515 -0.331814 0.388515
-1 0.000977 0.213122 -0.276015 0.172916 0.186691 0.208406 0.186691
-1 0.000977 -6.720188 7.796192 -1.306989 -0.031566 0.021241 -0.031566
-1 0.000977 0.004893 0.095786 -0.008926 -0.244258 0.226224 -0.244258
-1 0.000977 0.264620 0.104433 -0.968909 0.289982 0.087577 0.289982
-1 0.000977 1.173574 -0.340463 -0.709226 -0.286617 -0.290709 -0.286617
-1 0.000977 0.455274 0.296961 -0.048925 0.816435 0.223620 0.816435
-1 0.000977 0.433177 -0.193421 0.070914 0.120355 -0.763553 0.120355
-1 0.000977 -0.063760 0.941533 0.128534 0.031617 0.426209 0.031617
-1 0.000977 -0.177473 -0.391035 -0.087611 0.131427 0.108318 0.131427
-1 0.000977 -0.509829 0.307087 -0.251218 0.173760 0.730855 0.173760
-1 0.000977 0.299953 0.476084 0.007844 -0.256108 0.448924 -0.256108
-1 0.000977 -0.936208 0.152105 0.027627 -0.782573 -0.036720 -0.782573
-1 0.000977 0.877182 1.910141 -2.127847 0.182258 0.392828 0.182258
-1 0.000977 0.121084 -0.090550 0.045352 0.152884 0.443460 0.152884
-1 0.000977 0.971811 -0.336921 0.060553 0.361842 -0.338195 0.361842
-1 0.000977 -1.389473 2.962596 -1.469104 0.019230 0.108932 0.019230
-1 0.000977 -0.831756 -0.515273 0.042688 -0.614301 -0.219332 -0.614301
-1 0.000977 0.130298 -0.555634 0.166977 -0.251671 -0.179671 -0.251671
-1 0.000977 -3.921460 0.973506 -1.957153 0.322749 -0.135449 0.322749
-1 0.000977 0.205019 0.107416 -0.584729 0.100596 -0.503744 0.100596
-1 0.000977 -0.146948 -0.646673 -0.096866 -0.105600 0.237096 -0.105600
-1 0.000977 0.625216 -0.012340 -0.678847 0.028317 0.128650 0.028317
-1 0.000977 0.193190 0.413897 1.037648 0.779528 0.377554 0.779528
-1 0.000977 0.011316 0.144318 0.195747 0.107875 -0.780453 0.107875
-1 0.000977 0.004038 1.192526 -0.544626 2.532625 1.273544 2.532625
-1 0.000977 -0.560760 -0.012083 -0.049499 -0.196708 0.013293 -0.196708
-1 0.000977 0.789024 -1.196473 -1.454769 -0.029127 -0.724744 -0.029127
-1 0.000977 0.268418 -1.390706 0.201114 -0.338477 -0.372599 -0.338477
-1 0.000977 -0.439987 -0.147316 -0.037530 -0.014479 -0.115380 -0.014479
-1 0.000977 0.358784 -0.329675 0.250155 -0.228490 0.046655 -0.228490
-1 0.000977 0.289826 0.406079 -0.054203 0.233313 0.335443 0.233313
-1 0.000977 -0.501082 0.144916 0.580729 -0.119850 -0.283864 -0.119850
-1 0.000977 -0.974106 -0.166753 -0.020750 -0.631748 0.045366 -0.631748
-1 0.000977 1.481894 -0.257422 -0.389415 0.915579 0.474131 0.915579
-1 0.000977 0.197886 -0.262142 -0.730560 0.110536 -0.290024 0.110536
-1 0.000977 0.077109 0.605467 0.026226 -0.333982 0.264743 -0.333982
-1 0.000977 -0.059984 0.113971 -0.056193 0.093988 0.639064 0.093988
-1 0.000977 1.119509 -1.798246 -1.753133 0.171930 0.006794 0.171930
-1 0.000977 -0.545071 0.149195 0.231264 -0.530670 -0.039832 -0.530670
-1 0.000977 -0.185529 0.555825 -0.034854 0.180409 0.780260 0.180409
-1 0.000977 -0.038688 0.124720 -0.643932 0.502341 -0.067632 0.502341
-1 0.000977 -0.349938 0.924603 0.358615 -0.583329 0.052278 -0.583329
-1 0.000977 -0.818550 0.150119 0.672100 0.032276 -0.182367 0.032276
-1 0.000977 -1.361482 0.115999 -0.144377 -0.270145 0.078625 -0.270145
-1 0.000977 -0.183238 0.947023 0.236270 0.107846 0.103496 0.107846
-1 0.000977 1.109252 -0.572354 0.450590 0.241026 -0.341360 0.241026
-1 0.000977 0.445476 -0.106431 0.223179 0.510287 0.490202 0.510287
-1 0.000977 -0.795913 -0.377497 -0.721240 -0.514503 -0.304912 -0.514503
-1 0.000977 2.353169 -0.574892 1.004324 0.353974 -0.108866 0.353974
-1 0.000977 0.057989 0.624711 0.315594 0.113857 -0.345787 0.113857
-1 0.000977 -0.955350 0.373697 -1.032905 -0.038624 0.035174 -0.038624
-1 0.000977 0.216769 0.677206 0.442699 0.247443 -0.073824 0.247443
-1 0.000977 1.573143 0.560530 0.197194 -0.179750 0.035544 -0.179750
-1 0.000977 -0.180101 -0.205060 -0.126706 0.056083 0.491046 0.056083
-1 0.000977 0.226464 -0.870666 0.162161 0.541347 0.324605 0.541347
-1 0.000977 -0.171005 0.448212 0.235737 -0.102077 0.185715 -0.102077
-1 0.000977 -0.556121 -0.233599 -0.092837 -0.604502 -0.097615 -0.604502
-1 0.000977 1.092959 -2.325895 -1.369103 -0.087850 -0.365149 -0.087850
-1 0.000977 1.971366 0.421985 0.887899 0.270257 0.281431 0.270257
-1 0.000977 -0.072595 -0.084951 -0.493407 0.209658 -0.079925 0.209658
-1 0.000977 -0.515475 -0.057981 -0.062718 -0.013235 0.050408 -0.013235
-1 0.000977 0.283095 -0.828972 0.217818 -0.067323 -0.182701 -0.067323
-1 0.000977 -0.123940 -0.131036 -0.041288 0.584822 0.314437 0.584822
-1 0.000977 -0.805727 0.252654 -0.075498 0.331941 -0.620745 0.331941
-1 0.000977 0.191736 -0.009764 0.409470 0.222406 -0.031516 0.222406
-1 0.000977 -0.840472 0.136370 -0.091212 -0.365651 0.470178 -0.365651
-1 0.000977 0.801501 -0.790847 0.402404 0.876165 -0.055676 0.876165
-1 0.000977 0.448263 -0.519971 0.842511 0.197511 0.483081 0.197511
-1 0.000977 -0.147867 0.550632 -0.004502 0.084942 0.136671 0.084942
-1 0.000977 0.249908 -0.707298 -0.135032 0.299104 -0.338163 0.299104
-1 0.000977 -1.012991 -0.343351 1.145269 -0.089873 0.204335 -0.089873
-1 0.000977 -1.069488 1.146307 0.217722 -0.049120 -0.284376 -0.049120
-1 0.000977 0.507674 0.172537 -0.003778 -0.034447 0.123088 -0.034447
-1 0.000977 -0.612256 0.145580 -0.625589 0.046665 0.318648 0.046665
-1 0.000977 -0.656527 0.211761 -0.036729 -0.285212 -0.277193 -0.285212
-1 0.000977 -0.437344 -0.097314 -0.090785 0.048573 0.242760 0.048573
-1 0.000977 0.270059 -0.246962 0.032816 0.190085 -0.441377 0.190085
-1 0.000977 0.401216 0.519495 -0.331169 -0.283501 0.001583 -0.283501
-1 0.000977 0.010220 0.574004 -0.317079 0.213123 -0.128385 0.213123
-1 0.000977 0.919127 -0.446624 0.298614 0.387346 0.036696 0.387346
-1 0.000977 1.080033 0.805004 1.657517 -0.326159 0.093221 -0.326159
-1 0.000977 2.252546 -0.142802 0.984484 0.249155 -0.391475 0.249155
-1 0.000977 0.503556 -0.896406 -1.829121 0.720322 -0.162402 0.720322
-1 0.000977 -0.207041 -1.125564 -0.637719 0.018790 -0.414560 0.018790
-1 0.000977 -0.217640 0.268150 -0.146662 -0.290505 0.245034 -0.290505
-1 0.000977 -0.294410 -0.160165 -0.258992 -0.301501 0.306526 -0.301501
-1 0.000977 0.001290 1.254579 -0.115556 0.726182 0.216611 0.726182
-1 0.000977 0.553932 -0.071831 0.238366 0.498628 -0.196960 0.498628
-1 0.000977 -1.332569 0.704085 -0.585966 0.437587 -0.459607 0.437587
-1 0.000977 -0.107961 -0.047532 -0.060486 -0.062049 0.151251 -0.062049
-1 0.000977 0.106568 0.114115 -0.311974 0.211041 -0.005525 0.211041
-1 0.000977 -0.159913 -0.031882 0.058967 -0.419784 -0.265092 -0.419784
-1 0.000977 0.272335 -0.377079 -0.048702 0.261516 -0.078240 0.261516
-1 0.000977 0.350744 -0.320434 -0.142799 0.015768 -0.105664 0.015768
-1 0.000977 0.629631 -0.251929 -0.235284 0.193308 -0.143484 0.193308
-1 0.000977 -1.289498 -0.268415 0.043348 -0.020537 -0.245905 -0.020537
-1 0.000977 0.475177 -0.439152 -0.190622 -0.500605 0.244647 -0.500605
-1 0.000977 0.224331 0.371877 0.662121 -0.328487 0.001345 -0.328487
-1 0.000977 -0.074773 -0.277047 -0.233691 0.390568 -0.413791 0.390568
-1 0.000977 0.013114 0.390248 0.033271 -0.683477 -0.127185 -0.683477
-1 0.000977 0.377438 -0.791775 -0.118276 -0.056615 -0.484434 -0.056615
-1 0.000977 -0.237284 -0.463112 -0.077641 -0.430778 -0.490139 -0.430778
-1 0.000977 -0.743715 -0.664154 -0.101869 -0.567383 -0.401760 -0.567383
-1 0.000977 -1.923639 1.073646 0.033790 -0.211866 0.125888 -0.211866
-1 0.000977 -0.041245 -0.517666 -0.045219 -0.165381 -0.434482 -0.165381
-1 0.000977 0.095328 0.228151 -0.065780 -0.117421 -0.180746 -0.117421
-1 0.000977 0.223722 -0.565746 0.330021 0.189931 -0.128490 0.189931
-1 0.000977 0.801628 -0.441744 -0.045974 0.195719 -0.100561 0.195719
-1 0.000977 0.455839 0.150796 0.025223 -0.190895 -0.547964 -0.190895
-1 0.000977 0.313906 0.018943 -0.305030 0.184881 -0.240491 0.184881
-1 0.000977 -0.317564 0.105279 0.969525 -0.566402 -0.187063 -0.566402
-1 0.000977 -0.243212 -0.196165 0.015934 0.281904 -0.381284 0.281904
-1 0.000977 -3.419164 4.062507 -10.236544 0.035122 -0.014115 0.035122
-1 0.000977 0.501670 -0.404756 1.241857 -0.561295 -0.169634 -0.561295
-1 0.000977 -0.442183 -0.081631 -0.066708 -0.219912 -0.514099 -0.219912
-1 0.000977 1.769818 -0.342250 -0.083864 0.057697 -0.448004 0.057697
-1 0.000977 -0.806319 0.624588 0.028496 -0.394019 -0.334146 -0.394019
-1 0.000977 -0.801203 1.360090 -0.526430 -0.083360 0.303220 -0.083360
-1 0.000977 -3.421951 0.257284 1.505483 0.041809 0.415521 0.041809
-1 0.000977 1.969564 -0.050236 0.011545 -0.047773 0.124963 -0.047773
-1 0.000977 1.011217 0.484396 0.388260 -0.371942 -0.460061 -0.371942
-1 0.000977 0.452861 -1.572931 1.544928 0.142389 -0.369958 0.142389
-1 0.000977 0.686760 -0.089545 0.213397 0.661535 -0.158779 0.661535
-1 0.000977 0.287367 0.118718 0.023452 -0.421351 -0.042010 -0.421351
-1 0.000977 -0.234333 -0.083961 0.083638 -0.331940 -0.363411 -0.331940
-1 0.000977 -0.079778 -0.075122 0.022229 -0.483471 0.512615 -0.483471
-1 0.000977 -0.749227 0.388444 0.447194 0.374446 -0.107670 0.374446
-1 0.000977 -0.075848 0.026200 -0.017342 0.309710 -0.648826 0.309710
-1 0.000977 -20.473881 -1.552780 -7.215110 -0.166162 0.070743 -0.166162
-1 0.000977 -0.149367 0.622027 -0.239349 0.105327 -0.140998 0.105327
-1 0.000977 0.232010 1.079440 -0.350961 -0.102993 0.857183 -0.102993
-1 0.000977 -0.064278 -0.826304 -0.100034 -0.174748 -0.750537 -0.174748
-1 0.000977 0.253352 0.172720 -0.529624 -0.328889 -0.006341 -0.328889
-1 0.000977 -0.420603 -0.273198 -0.753149 0.229624 -0.514515 0.229624
-1 0.000977 -0.187198 0.627716 0.269455 0.062170 0.195747 0.062170
-1 0.000977 -0.085287 -0.854187 -0.099026 -0.155476 -0.259915 -0.155476
-1 0.000977 -0.631278 -0.511624 -0.701570 0.068084 -0.352067 0.068084
-1 0.000977 1.354087 1.534866 -0.063021 0.294471 0.390511 0.294471
-1 0.000977 1.426472 -0.645932 -0.029053 0.972952 -0.383652 0.972952
-1 0.000977 0.015511 0.088995 -1.509644 -0.174360 0.153030 -0.174360
-1 0.000977 1.177422 0.001440 0.103757 0.677679 -0.035055 0.677679
-1 0.000977 0.860587 0.973480 -0.988846 0.362239 -0.184569 0.362239
-1 0.000977 -0.167939 0.094084 0.084539 -0.337171 -0.126202 -0.337171
-1 0.000977 -0.004593 0.332079 -0.364673 0.245068 -0.218469 0.245068
-1 0.000977 0.954449 -1.941547 1.369925 0.320496 0.102178 0.320496
-1 0.000977 0.116322 0.636710 -0.189529 -0.518770 0.283790 -0.518770
-1 0.000977 -0.103978 -0.502351 -0.073630 0.458128 0.067735 0.458128
-1 0.000977 0.736841 -0.177962 0.663897 -0.041035 0.684689 -0.041035
-1 0.000977 0.789557 0.043950 0.564218 0.020718 0.275975 0.020718
-1 0.000977 -0.118795 0.270025 0.006262 0.255783 -0.032586 0.255783
-1 0.000977 -0.007976 -0.038546 0.926094 0.156149 -0.387921 0.156149
-1 0.000977 0.344285 -0.276624 1.761579 0.125783 -0.092346 0.125783
-1 0.000977 0.419959 -0.392544 0.029947 0.356843 -0.514428 0.356843
-1 0.000977 -0.391059 0.150856 -0.037352 -0.102735 0.035556 -0.102735
-1 0.000977 -0.596932 0.406554 0.651983 -0.082650 0.478660 -0.082650
-1 0.000977 -0.120928 -0.932831 0.145908 -0.476283 -0.314234 -0.476283
-1 0.000977 -0.670627 -0.264062 0.107378 0.293793 -0.135090 0.293793
-1 0.000977 1.581002 0.630502 -0.226473 0.592394 0.063556 0.592394
-1 0.000977 -0.130459 -0.439135 0.189630 -0.176368 0.324079 -0.176368
-1 0.000977 -0.408220 -0.511534 -0.279309 -0.483841 -0.532145 -0.483841
-1 0.000977 0.561026 -0.173011 0.124325 -0.162774 0.106124 -0.162774
-1 0.000977 0.014411 0.352125 -0.328007 -0.556000 0.353245 -0.556000
-1 0.000977 0.394941 -0.065643 -0.049030 -0.209841 -0.666214 -0.209841
-1 0.000977 0.790963 0.246439 0.169468 0.467908 -0.125398 0.467908
-1 0.000977 -0.297872 -0.056318 0.646299 -0.235838 -0.126264 -0.235838
-1 0.000977 0.366050 -0.469515 -0.092916 -0.541028 0.406837 -0.541028
-1 0.000977 0.550859 0.377197 0.359128 -0.188380 0.411766 -0.188380
-1 0.000977 -0.296097 -0.617007 -0.259041 -0.005858 -0.426791 -0.005858
-1 0.000977 1.013655 1.314149 -2.667341 -0.171716 0.171817 -0.171716
-1 0.000977 -0.248737 1.163769 -0.108738 0.194983 0.518468 0.194983
-1 0.000977 -0.277032 0.752073 0.189289 0.428358 0.319354 0.428358
-1 0.000977 0.638334 -0.431424 0.398654 0.508997 -0.216109 0.508997
-1 0.000977 0.880475 -0.977821 1.576495 0.427202 0.143620 0.427202
-1 0.000977 0.413413 -0.347915 0.006425 -0.561175 -0.268517 -0.561175
-1 0.000977 0.373904 -0.197040 -0.098947 -0.947889 -0.063675 -0.947889
-1 0.000977 -4.642504 -1.485551 -0.698808 0.015298 -0.012190 0.015298
-1 0.000977 -0.246272 -0.311045 -0.070087 -0.517085 -0.285765 -0.517085
-1 0.000977 0.254876 1.122910 0.092153 -0.303765 0.782183 -0.303765
-1 0.000977 -0.001948 -0.956810 0.232488 -0.596511 -0.337409 -0.596511
-1 0.000977 0.447036 1.619009 0.331296 0.189278 0.607855 0.189278
-1 0.000977 0.005925 0.073628 -2.890731 0.303284 -0.068260 0.303284
-1 0.000977 -2.416263 0.497769 -1.256410 0.231593 -0.101145 0.231593
-1 0.000977 0.622641 0.363633 -0.165516 0.063264 -0.670715 0.063264
-1 0.000977 0.039669 0.091674 -0.707962 0.572164 -0.246777 0.572164
-1 0.000977 -0.090477 -0.330880 -0.067658 0.648305 0.025152 0.648305
-1 0.000977 -0.031588 -0.634077 -0.107168 0.075407 -0.425758 0.075407
-1 0.000977 3.002954 1.641324 0.017331 0.028476 -0.239752 0.028476
-1 0.000977 0.355157 -0.203668 0.002002 -0.034920 0.190520 -0.034920
-1 0.000977 0.869873 1.473010 0.878010 -0.069068 0.004434 -0.069068
-1 0.000977 0.668084 -0.053091 0.372717 -0.000478 -0.220566 -0.000478
-1 0.000977 0.106579 -1.325780 -0.819349 -0.179877 0.632955 -0.179877
-1 0.000977 -1.476961 1.115893 -0.073044 0.442083 0.171594 0.442083
-1 0.000977 -0.126763 0.247269 -0.179995 0.583331 0.129003 0.583331
-1 0.000977 -0.034149 -1.722629 0.837101 0.648664 0.184688 0.648664
-1 0.000977 0.707560 -1.224712 -0.217998 0.125678 -1.055403 0.125678
-1 0.000977 0.282672 -0.046547 -0.059611 0.168919 -0.326427 0.168919
-1 0.000977 -0.180879 -0.683870 -0.920793 -0.473067 0.008022 -0.473067
-1 0.000977 0.186147 -0.125187 0.090115 0.003970 0.443481 0.003970
-1 0.000977 -0.289984 1.184696 -0.184223 0.091636 0.500000 0.091636
-1 0.000977 -0.220467 -0.424313 0.244182 -0.320981 -0.229057 -0.320981
-1 0.000977 0.832734 -0.298569 0.158553 -0.061733 0.476873 -0.061733
-1 0.000977 0.550832 0.444136 0.135571 0.002514 0.370567 0.002514
-1 0.000977 -0.780907 -0.880760 0.218260 -0.130796 -0.278780 -0.130796
-1 0.000977 5.781117 -1.899142 0.458523 -0.129241 0.130878 -0.129241
-1 0.000977 0.365694 0.859921 0.176872 0.283705 -0.040118 0.283705
-1 0.000977 -0.363783 -0.365643 -0.027468 -0.600131 -0.055423 -0.600131
-1 0.000977 -0.651652 -0.644765 0.041986 -0.338104 -0.058581 -0.338104
-1 0.000977 -0.005324 -0.668528 0.218690 0.476891 0.135012 0.476891
-1 0.000977 0.088565 0.823678 -0.082120 -0.364127 -0.383190 -0.364127
-1 0.000977 0.218565 -0.927477 0.332924 0.140120 -0.314493 0.140120
-1 0.000977 -0.613047 -0.964336 -0.069466 0.393662 -0.291296 0.393662
-1 0.000977 0.577028 -0.515958 -0.161022 0.684353 0.042317 0.684353
-1 0.000977 1.030633 0.170045 0.007002 0.538122 0.447803 0.538122
-1 0.000977 0.004400 0.197544 -0.307180 0.481734 0.018781 0.481734
-1 0.000977 -0.350944 -0.216130 -0.041614 0.114412 0.414245 0.114412
-1 0.000977 0.144620 1.031713 0.781865 0.373296 0.013941 0.373296
-1 0.000977 0.012372 -0.294122 -0.102559 -0.169003 0.214030 -0.169003
-1 0.000977 0.328360 -0.287483 -0.349359 -0.383698 -0.291787 -0.383698
-1 0.000977 0.230269 -0.134637 0.360641 -0.438526 0.202802 -0.438526
-1 0.000977 0.704528 0.155674 0.667513 0.065117 0.519167 0.065117
-1 0.000977 -0.077005 0.597820 0.169503 -0.067357 0.276963 -0.067357
-1 0.000977 -0.129905 -0.123113 -0.179385 -0.101450 -0.186172 -0.101450
-1 0.000977 1.229804 1.056979 -0.870549 0.403015 0.172815 0.403015
-1 0.000977 0.559670 -0.616665 -0.173452 0.576279 -0.477598 0.576279
-1 0.000977 -0.210380 0.123236 -1.582115 -0.084821 -0.107519 -0.084821
-1 0.000977 1.050404 -1.146365 -0.885534 0.392483 -0.421581 0.392483
-1 0.000977 0.179090 -0.889490 -0.711007 -0.014180 -0.310616 -0.014180
-1 0.000977 -0.613214 -2.258068 2.039769 -0.128924 0.297221 -0.128924
-1 0.000977 -0.074343 0.715856 0.417855 0.375644 0.694544 0.375644
-1 0.000977 0.202949 0.305174 0.058132 0.158041 -0.204688 0.158041
-1 0.000977 -0.122178 0.117195 -1.548204 0.591603 -0.041840 0.591603
-1 0.000977 -0.242750 0.626674 0.267797 -0.462170 -0.220619 -0.462170
-1 0.000977 0.449701 0.378708 1.274537 0.009699 0.055701 0.009699
-1 0.000977 6.432943 1.012132 2.949961 0.091497 -0.061293 0.091497
-1 0.000977 -0.732439 -0.383912 0.367087 -0.538170 -0.825731 -0.538170
-1 0.000977 -2.599928 4.871610 -1.613622 -0.273751 0.177741 -0.273751
-1 0.000977 -0.495395 -0.235031 -0.166492 0.307973 0.022307 0.307973
-1 0.000977 -0.516739 -0.471138 0.085963 -0.371116 0.340010 -0.371116
-1 0.000977 0.157467 -0.388194 0.121761 -0.157314 0.367803 -0.157314
-1 0.000977 0.231734 0.190240 -0.008855 0.724140 -0.047943 0.724140
-1 0.000977 -0.306798 -0.254716 -0.012035 0.299900 -0.239598 0.299900
-1 0.000977 -0.613937 -0.432098 0.080052 -0.966294 -0.232435 -0.966294
-1 0.000977 0.060788 -0.489103 0.016201 0.236061 0.004421 0.236061
-1 0.000977 -0.529494 -0.479823 0.063863 0.034945 -0.573222 0.034945
-1 0.000977 0.269729 0.008528 0.783309 0.249465 0.386538 0.249465
-1 0.000977 -0.740540 -1.326107 0.496197 -0.118564 -0.066256 -0.118564
-1 0.000977 0.127848 0.496036 -0.310110 0.281209 0.277340 0.281209
-1 0.000977 0.451242 0.666787 -0.079028 -0.070574 0.160635 -0.070574
-1 0.000977 -0.089209 -0.824067 0.043426 -0.214586 -0.581383 -0.214586
-1 0.000977 -0.659006 -0.180832 0.145234 0.222924 -0.700042 0.222924
-1 0.000977 -0.390137 1.916055 -1.986616 -0.302100 0.285340 -0.302100
-1 0.000977 0.319395 -0.254460 -0.276675 -0.519094 -0.070227 -0.519094
-1 0.000977 1.243679 -0.535931 -0.572956 -0.207631 -0.342469 -0.207631
-1 0.000977 -0.881916 -1.167884 0.077665 -0.074182 -0.618247 -0.074182
-1 0.000977 -0.007431 -0.178346 -0.038452 -0.101810 0.284178 -0.101810
-1 0.000977 0.556898 0.825838 -0.401495 0.181149 0.133392 0.181149
-1 0.000977 -0.056867 -0.126616 -0.358023 0.159275 0.551822 0.159275
-1 0.000977 0.312343 -0.018217 0.051751 0.081115 -0.697656 0.081115
-1 0.000977 0.327256 -0.084526 0.009494 0.009630 -0.391945 0.009630
-1 0.000977 -1.594621 -0.935825 0.055972 0.528611 -0.084994 0.528611
-1 0.000977 0.436447 -1.018201 0.319774 -0.109109 -0.133364 -0.109109
-1 0.000977 -1.239798 0.988832 1.095404 0.583693 0.120748 0.583693
-1 0.000977 0.627285 -0.049690 -0.092778 0.346166 -0.237758 0.346166
-1 0.000977 0.917230 -1.336618 -0.095261 0.285918 -0.351811 0.285918
-1 0.000977 -0.066645 1.579945 0.382679 0.329862 0.569014 0.329862
-1 0.000977 -0.413720 0.863869 0.138434 0.653634 -0.323366 0.653634
-1 0.000977 0.267322 -0.025581 1.953546 0.027699 0.121539 0.027699
-1 0.000977 -0.171411 0.207811 -0.489685 0.521744 0.017478 0.521744
-1 0.000977 1.254307 0.527808 -1.204160 0.296459 0.217911 0.296459
-1 0.000977 0.288782 -1.036513 -0.124781 0.299063 -0.714590 0.299063
-1 0.000977 0.568717 0.379031 -0.046058 0.282225 0.018278 0.282225
-1 0.000977 -0.777340 -0.181632 0.042294 0.268381 -0.647551 0.268381
-1 0.000977 -0.048317 0.056439 0.235929 -0.327271 0.052855 -0.327271
-1 0.000977 0.431522 0.943249 -0.102554 0.463746 0.686466 0.463746
-1 0.000977 -0.209677 0.150804 0.218797 -0.554856 0.032208 -0.554856
-1 0.000977 2.355216 0.379850 0.916778 0.044164 -0.144343 0.044164
-1 0.000977 -0.890927 -0.901952 -0.942389 -0.417796 -0.208646 -0.417796
-1 0.000977 0.514456 0.888854 1.796704 0.358154 -0.200874 0.358154
-1 0.000977 0.601054 0.412957 0.154278 -0.753073 0.414612 -0.753073
-1 0.000977 0.206736 -0.041302 0.225176 -0.309494 0.474670 -0.309494
-1 0.000977 -1.338223 -0.769401 -0.949040 -0.434110 -0.228874 -0.434110
-1 0.000977 -1.041876 -0.103045 0.193659 -0.073182 -0.050945 -0.073182
-1 0.000977 1.009879 -0.655141 -0.515404 -0.358060 -0.241875 -0.358060
-1 0.000977 0.268068 -1.320198 -0.240557 0.112555 -0.007675 0.112555
-1 0.000977 0.336377 0.298592 0.090055 0.008499 0.308625 0.008499
-1 0.000977 -0.208990 -0.113236 -0.074105 0.257170 -0.484937 0.257170
-1 0.000977 -0.617052 -1.079846 0.491161 -0.281461 -0.291235 -0.281461
-1 0.000977 -0.181502 -0.487723 0.226598 0.602083 -0.089976 0.602083
-1 0.000977 0.271570 -0.209936 0.603966 -0.964878 -0.008025 -0.964878
-1 0.000977 0.246841 0.751633 1.501391 0.267629 0.146835 0.267629
-1 0.000977 -0.876962 -0.653801 0.457940 -0.121071 0.287778 -0.121071
-1 0.000977 -0.588246 0.572443 -0.426325 -0.350043 0.123629 -0.350043
-1 0.000977 -1.621951 0.949075 -3.365378 -0.250939 -0.114228 -0.250939
-1 0.000977 -0.725810 0.374597 -0.001055 -0.353146 0.442375 -0.353146
-1 0.000977 0.070318 -0.457826 0.218456 -0.918775 -0.313638 -0.918775
-1 0.000977 -1.071527 -0.226754 0.045144 -1.157360 0.155181 -1.157360
-1 0.000977 0.111291 -0.042830 -0.487093 0.121229 0.280920 0.121229
-1 0.000977 0.759812 0.428388 -1.455344 0.049067 -0.460171 0.049067
-1 0.000977 -0.865945 0.530161 0.325063 -0.330703 0.344082 -0.330703
-1 0.000977 0.829811 -0.491538 -0.216225 0.392124 0.002423 0.392124
-1 0.000977 -0.325548 -1.200363 -1.716501 0.240538 -0.163214 0.240538
-1 0.000977 -0.475615 -0.537828 0.095609 -0.167294 -0.295716 -0.167294
-1 0.000977 0.338347 -0.550157 0.030815 0.345838 -0.382318 0.345838
-1 0.000977 1.487772 -0.768504 -0.131264 0.592528 0.318515 0.592528
-1 0.000977 0.315281 0.002202 -0.512283 -0.209285 -0.201543 -0.209285
-1 0.000977 -0.179796 0.980480 0.151271 -0.340431 -0.081582 -0.340431
-1 0.000977 -0.227069 1.772008 -1.016021 0.232221 0.294818 0.232221
-1 0.000977 -0.748405 -0.000624 0.598580 -0.027756 0.260898 -0.027756
-1 0.000977 -0.035431 -0.942262 0.294753 0.218954 -0.059556 0.218954
-1 0.000977 0.342550 1.566975 -0.522303 0.322068 -0.158849 0.322068
-1 0.000977 -0.540914 0.621516 -0.984258 -0.021006 0.453492 -0.021006
-1 0.000977 1.059036 -1.149920 -0.413603 0.394093 -0.630950 0.394093
-1 0.000977 -0.998374 1.258318 -0.426401 -0.209127 0.356564 -0.209127
-1 0.000977 -0.008895 -0.296343 -0.188649 0.081553 -0.583134 0.081553
-1 0.000977 -0.383763 -0.420833 -0.291249 -0.297197 0.529975 -0.297197
-1 0.000977 -0.328329 -0.875457 0.839618 -0.367518 0.048574 -0.367518
-1 0.000977 -0.233624 -0.348445 0.004788 0.298738 -0.270390 0.298738
-1 0.000977 -0.027651 0.171397 -0.475045 0.413751 0.573120 0.413751
-1 0.000977 0.422140 -0.599462 0.393135 -0.315977 -0.194972 -0.315977
-1 0.000977 -0.606407 -0.377027 -0.266268 -0.422556 -0.287224 -0.422556
-1 0.000977 0.686113 -0.078487 1.568534 -0.014666 0.663753 -0.014666
-1 0.000977 1.306796 0.642091 -0.071601 -0.121781 -0.119641 -0.121781
-1 0.000977 -0.227710 0.264293 0.103646 -0.239443 0.664668 -0.239443
-1 0.000977 0.719159 0.621810 0.596808 0.270875 0.767181 0.270875
-1 0.000977 0.345505 -0.363746 -0.291374 -0.036011 -0.249846 -0.036011
-1 0.000977 0.655386 0.375022 1.584963 0.483622 0.050546 0.483622
-1 0.000977 0.702734 -0.193787 -0.151049 0.546549 0.467959 0.546549
-1 0.000977 1.129936 0.538515 -0.452437 0.497428 0.415562 0.497428
-1 0.000977 0.695081 0.870201 0.746053 0.096530 -0.055659 0.096530
-1 0.000977 0.113603 -0.525091 -0.157749 -0.601524 0.270170 -0.601524
-1 0.000977 0.902597 -1.084260 3.737435 0.085644 -0.109083 0.085644
-1 0.000977 0.117314 0.281226 0.162586 0.322560 0.836516 0.322560
-1 0.000977 -3.638737 -1.729279 -1.548985 0.245295 -0.133039 0.245295
-1 0.000977 0.573498 -0.961761 -0.913040 0.572156 0.034267 0.572156
-1 0.000977 0.381343 -0.906702 -0.254504 -0.097257 0.139014 -0.097257
-1 0.000977 -1.761220 -1.912387 0.668432 0.164531 0.416396 0.164531
-1 0.000977 0.352934 -0.713687 0.186439 0.105908 -0.379433 0.105908
-1 0.000977 -0.283873 -0.425771 -1.002485 -0.049481 -0.338759 -0.049481
-1 0.000977 0.661312 0.006199 0.154822 -0.593131 -0.249531 -0.593131
-1 0.000977 0.224468 0.395434 -0.232392 0.232239 0.262438 0.232239
-1 0.000977 0.480267 0.759448 -0.362018 0.218715 0.755807 0.218715
-1 0.000977 0.684736 -0.882689 -0.061708 -0.360942 -0.405412 -0.360942
-1 0.000977 0.872831 0.503549 -0.239742 -0.316678 -0.292906 -0.316678
-1 0.000977 -5.061756 8.430518 -0.735109 0.113961 -0.168138 0.113961
-1 0.000977 -0.309024 -0.535410 0.095502 0.320831 -0.925923 0.320831
-1 0.000977 1.104323 -3.375412 -2.484056 0.129695 0.213162 0.129695
-1 0.000977 0.218918 -0.005646 0.469819 -0.026288 0.294742 -0.026288
-1 0.000977 -0.865496 1.393790 5.002408 -0.111142 0.218336 -0.111142
-1 0.000977 -0.392828 1.826271 1.435377 0.163690 0.088077 0.163690
-1 0.000977 0.030236 0.159685 -0.672609 -0.125475 0.128786 -0.125475
-1 0.000977 -0.748213 2.208746 0.362796 0.590917 -0.270509 0.590917
-1 0.000977 -0.512132 1.294062 -0.142641 -0.310700 -0.196302 -0.310700
-1 0.000977 1.858615 0.324983 -0.859856 0.184990 0.250399 0.184990
-1 0.000977 -0.982799 0.203507 0.218227 -0.439564 0.563358 -0.439564
-1 0.000977 0.942911 -0.513840 0.351773 0.672182 0.430930 0.672182
-1 0.000977 -0.612458 -0.339945 -0.058491 -0.260230 0.263507 -0.260230
-1 0.000977 -0.732541 -0.950246 0.924438 -0.573434 -0.113074 -0.573434
-1 0.000977 0.929158 -0.497835 0.343993 0.277397 -0.349559 0.277397
-1 0.000977 0.234753 0.411397 0.235530 0.349840 -0.323941 0.349840
-1 0.000977 -0.849267 -1.167122 1.192306 0.107574 0.041085 0.107574
-1 0.000977 0.680480 0.612856 0.172776 -0.038385 0.498082 -0.038385
-1 0.000977 0.564216 -0.585939 0.062157 0.581797 -0.795500 0.581797
-1 0.000977 -0.449328 -0.511169 0.164494 -0.185877 -0.271297 -0.185877
-1 0.000977 0.437953 -0.334666 0.663823 -0.140069 -0.051346 -0.140069
-1 0.000977 0.989333 0.118162 -0.069024 0.400761 -0.926957 0.400761
-1 0.000977 0.217705 0.936435 -0.406450 -0.197328 0.115436 -0.197328
-1 0.000977 0.043346 -0.070292 0.138920 -0.113118 -0.372974 -0.113118
-1 0.000977 -0.257194 -1.830563 1.812757 0.068880 0.031676 0.068880
-1 0.000977 -0.262687 -0.293707 -0.209143 -0.352644 -0.196734 -0.352644
-1 0.000977 -0.764950 0.649025 0.728432 0.043183 0.914020 0.043183
-1 0.000977 -1.144832 0.985914 -0.278426 0.292447 0.351778 0.292447
-1 0.000977 -1.328887 0.572482 0.340854 -0.153118 0.388522 -0.153118
-1 0.000977 -0.262058 0.515946 0.881468 -0.241026 0.537785 -0.241026
-1 0.000977 -0.605974 0.319136 0.784368 0.388764 -0.194111 0.388764
-1 0.000977 -0.173950 -0.235457 -1.037610 0.127726 -0.254021 0.127726
-1 0.000977 0.402295 -0.458827 -0.140915 -0.107466 0.166416 -0.107466
-1 0.000977 -0.633993 0.904401 -0.581730 -0.163114 0.162613 -0.163114
-1 0.000977 0.218463 -0.654162 -0.180919 -0.247581 -0.073396 -0.247581
-1 0.000977 -0.531784 -0.283805 -0.524372 0.229061 0.456584 0.229061
-1 0.000977 -0.249355 -0.554398 -0.177376 -0.339796 -0.040012 -0.339796
-1 0.000977 0.461660 0.983143 0.104521 -0.252954 0.175945 -0.252954
-1 0.000977 -0.131692 -0.719893 -0.346788 -0.304118 -0.556892 -0.304118
-1 0.000977 0.652685 -0.583238 -0.661027 -0.324375 -0.284570 -0.324375
-1 0.000977 0.901300 0.060499 -0.207264 -0.018048 0.022972 -0.018048
-1 0.000977 0.159816 -0.239342 -1.055301 0.219442 -0.194852 0.219442
-1 0.000977 0.211619 -0.084145 -0.302920 -0.036063 -0.355529 -0.036063
-1 0.000977 -1.926809 -1.062936 0.420132 -0.044290 -0.234900 -0.044290
-1 0.000977 0.280095 -0.198137 -0.368399 0.189928 0.560438 0.189928
-1 0.000977 0.536619 -0.445675 0.319092 0.875355 -0.125384 0.875355
-1 0.000977 0.255290 -0.307013 -1.274919 -0.316366 -0.434970 -0.316366
-1 0.000977 0.107938 -0.740815 0.024331 0.289560 -0.301397 0.289560
-1 0.000977 -0.371938 0.539070 -0.002295 -0.149829 0.407123 -0.149829
-1 0.000977 -0.481173 1.136405 0.134941 -0.404642 0.361532 -0.404642
-1 0.000977 0.342488 -0.021250 4.416663 -0.103831 0.109645 -0.103831
-1 0.000977 -0.626477 -1.239513 0.921897 -0.475369 -0.156757 -0.475369
-1 0.000977 -0.117462 -1.451675 -0.141160 -0.240113 -1.040583 -0.240113
-1 0.000977 -0.470956 0.351015 0.293574 0.053231 -0.398476 0.053231
-1 0.000977 0.886662 -0.658502 -0.196586 1.051959 -0.524512 1.051959
-1 0.000977 -0.531996 -0.061786 -0.039375 -0.465189 -0.459432 -0.465189
-1 0.000977 -0.152306 -1.055322 -1.067279 0.103556 -0.688087 0.103556
-1 0.000977 0.827268 -0.349191 -1.160965 0.145843 0.524779 0.145843
-1 0.000977 -0.019146 0.241650 -0.112947 -0.404057 -0.047022 -0.404057
-1 0.000977 0.108128 0.634491 0.361059 -0.290303 0.201855 -0.290303
-1 0.000977 1.224472 0.149205 0.510528 0.296490 -0.572135 0.296490
-1 0.000977 0.109393 0.216948 0.047444 0.305010 -0.411306 0.305010
-1 0.000977 1.175248 0.037922 -0.233821 0.493465 -0.013419 0.493465
-1 0.000977 -0.458549 0.001866 0.441831 -0.630344 -0.424397 -0.630344
-1 0.000977 0.487926 -0.436485 0.068823 0.172689 -0.686751 0.172689
-1 0.000977 0.154911 -0.248657 -0.296015 -0.235097 -0.080688 -0.235097
-1 0.000977 -0.708704 0.879473 1.191343 0.168861 0.265313 0.168861
-1 0.000977 0.720702 1.387326 -0.001546 -0.459555 0.230633 -0.459555
-1 0.000977 2.179263 0.348671 1.337248 -0.095824 -0.241308 -0.095824
-1 0.000977 -0.609821 0.280133 0.088624 -0.745603 0.250798 -0.745603
-1 0.000977 1.107560 2.295535 0.092527 -0.163104 -0.010090 -0.163104
-1 0.000977 0.738257 -1.884402 -1.443316 -0.029831 -0.177566 -0.029831
-1 0.000977 0.698241 0.057408 -2.113951 -0.333319 -0.018014 -0.333319
-1 0.000977 0.199707 0.087902 0.027640 0.099244 0.072833 0.099244
-1 0.000977 -0.197202 -0.008236 -0.054320 -0.538319 -0.320141 -0.538319
-1 0.000977 -0.161478 -0.153224 -1.233701 -0.175457 -0.087432 -0.175457
-1 0.000977 0.570955 0.898669 -0.625238 -0.322740 -0.397763 -0.322740
-1 0.000977 0.316181 -0.652470 -0.099500 0.043299 -0.610929 0.043299
-1 0.000977 -0.289436 -0.670956 -0.039986 -0.033793 -0.003387 -0.033793
-1 0.000977 -0.732428 -0.149591 0.627859 0.323106 -0.061807 0.323106
-1 0.000977 0.323023 -0.192763 -0.067116 0.006223 0.074404 0.006223
-1 0.000977 -0.041551 -0.365143 0.147034 0.102467 -0.076885 0.102467
-1 0.000977 -0.318993 -0.610697 0.098774 0.037911 -0.535744 0.037911
-1 0.000977 -0.400208 -1.085673 -0.468452 -0.021201 -0.059803 -0.021201
-1 0.000977 -0.510288 0.049467 -0.280506 -0.678432 -0.129604 -0.678432
-1 0.000977 0.813733 1.008292 0.831119 -0.113965 0.722756 -0.113965
-1 0.000977 1.190746 -2.312166 2.726486 0.128221 0.310363 0.128221
-1 0.000977 -0.623880 1.641532 2.048706 -0.374653 -0.175339 -0.374653
-1 0.000977 -0.235245 0.216441 -0.077036 -0.139264 0.023214 -0.139264
-1 0.000977 -0.494506 -1.019527 -0.057759 -0.318058 -0.016478 -0.318058
-1 0.000977 0.364078 0.017662 -0.018759 0.282774 0.050363 0.282774
-1 0.000977 -0.652976 0.121000 0.010305 0.373968 0.480852 0.373968
-1 0.000977 -0.422078 -0.161772 -1.084268 -0.198074 0.246952 -0.198074
-1 0.000977 -0.392603 0.747369 -0.432039 0.009483 0.399374 0.009483
-1 0.000977 -0.192896 0.172510 -0.131029 0.311950 0.327853 0.311950
-1 0.000977 1.566620 -0.847351 1.405647 0.095774 0.561504 0.095774
-1 0.000977 0.268474 0.010690 -0.241451 0.098383 0.286569 0.098383
-1 0.000977 -0.524428 -0.180800 0.215179 0.007551 0.531002 0.007551
-1 0.000977 -0.000698 -0.877968 0.038124 0.104738 -0.479092 0.104738
-1 0.000977 0.038356 -1.914841 0.508685 0.310802 -0.246660 0.310802
-1 0.000977 1.016180 -0.395680 3.527127 0.161185 0.066300 0.161185
-1 0.000977 -0.037137 -0.556889 0.058865 -0.539320 -0.767582 -0.539320
-1 0.000977 -0.222175 1.153916 -0.176877 -0.006735 0.366169 -0.006735
-1 0.000977 -0.410462 -0.478060 -0.269571 0.171399 -0.425185 0.171399
-1 0.000977 -0.284162 -0.355567 0.006847 -0.341681 0.654557 -0.341681
-1 0.000977 -0.329436 -0.039848 -0.167324 -0.474443 0.246193 -0.474443
-1 0.000977 0.403944 0.155637 0.082476 0.251260 0.037540 0.251260
-1 0.000977 -1.014255 -0.520456 0.642306 -0.143145 0.352071 -0.143145
-1 0.000977 -0.234273 -0.134089 -0.026624 -0.695491 -0.438484 -0.695491
-1 0.000977 0.744705 0.826735 0.957606 -0.223949 -0.405324 -0.223949
-1 0.000977 -0.693589 -0.206371 -0.936803 -0.303190 0.130312 -0.303190
-1 0.000977 0.567357 -0.142952 0.628683 -0.129847 0.036382 -0.129847
-1 0.000977 -0.511499 0.980696 0.164674 -0.452078 0.824496 -0.452078
-1 0.000977 -0.320710 0.578316 -0.285179 -0.231228 0.734409 -0.231228
-1 0.000977 -0.291210 0.308883 -0.144504 -0.258529 0.575990 -0.258529
-1 0.000977 -1.168859 2.266055 1.973234 0.036186 0.103236 0.036186
-1 0.000977 0.219747 -1.185638 3.139507 -0.034083 -0.022063 -0.034083
-1 0.000977 0.334192 -0.773741 -0.128802 0.102440 -0.250098 0.102440
-1 0.000977 -0.409089 -0.263073 -0.226496 0.173132 0.016007 0.173132
-1 0.000977 -0.301457 -0.420373 0.006805 -0.428729 -0.485015 -0.428729
-1 0.000977 -0.126393 -0.039525 -0.126927 -0.318816 -0.760520 -0.318816
-1 0.000977 3.829073 0.564012 0.903612 -0.094491 -0.228056 -0.094491
-1 0.000977 -0.088294 -0.132790 0.171667 -0.071617 0.638464 -0.071617
-1 0.000977 0.066868 0.797580 -0.022559 0.145958 1.119961 0.145958
-1 0.000977 -2.403583 -0.655736 -1.630378 -0.007989 0.292946 -0.007989
-1 0.000977 0.048322 -0.178917 -0.242654 -0.139657 -0.164906 -0.139657
-1 0.000977 0.311209 -0.244964 -0.534248 -0.313727 0.544206 -0.313727
-1 0.000977 1.231819 -0.186818 0.342854 0.676181 0.030429 0.676181
-1 0.000977 0.105188 -0.068090 -0.301258 0.186883 -0.027550 0.186883
-1 0.000977 -0.035200 0.423776 -0.159853 0.030295 0.474268 0.030295
-1 0.000977 0.127711 1.792723 -2.845704 -0.219994 0.090823 -0.219994
-1 0.000977 -1.427007 0.416959 -2.362782 -0.079719 -0.206253 -0.079719
-1 0.000977 0.368155 0.628487 1.719126 -0.362284 0.472166 -0.362284
-1 0.000977 -0.089393 0.120861 -0.081230 0.556741 0.448621 0.556741
-1 0.000977 0.488016 -0.450053 1.215814 0.400664 -0.217920 0.400664
-1 0.000977 0.355308 -0.512793 -0.296297 -0.001955 -0.420529 -0.001955
-1 0.000977 -0.803009 0.611132 0.023111 -0.586496 0.777749 -0.586496
-1 0.000977 0.652283 -0.653738 -0.243559 0.078639 -0.888128 0.078639
-1 0.000977 -0.444903 -1.320136 5.567851 -0.100550 0.111498 -0.100550
-1 0.000977 -0.296706 2.126328 -0.428046 0.184005 0.034580 0.184005
-1 0.000977 0.228255 -0.581771 -0.257222 0.626585 -0.058876 0.626585
-1 0.000977 -0.116151 0.215120 -0.053021 -0.130055 0.171198 -0.130055
-1 0.000977 0.861424 1.271441 -0.049544 -0.039716 0.376136 -0.039716
-1 0.000977 0.372643 0.449695 -0.889078 -0.032347 0.291578 -0.032347
-1 0.000977 -0.671688 -0.235182 -0.139435 -0.202662 -0.081648 -0.202662
-1 0.000977 -0.749390 -0.371456 -0.267717 -0.441177 0.027924 -0.441177
-1 0.000977 0.226572 -0.026177 -1.239926 -0.245565 -0.284867 -0.245565
-1 0.000977 0.517719 1.360348 1.349884 0.244021 0.235660 0.244021
-1 0.000977 -2.008213 0.253990 0.319739 -0.442416 0.248519 -0.442416
-1 0.000977 0.235767 -1.147429 -0.188403 0.367345 0.232117 0.367345
-1 0.000977 0.809837 -0.274481 0.421340 0.274823 -0.020978 0.274823
-1 0.000977 -0.364793 -0.242533 0.326103 -0.259618 -0.316944 -0.259618
-1 0.000977 1.899323 -1.547899 1.316788 0.032711 -0.562112 0.032711
-1 0.000977 0.955602 -0.575428 -0.235623 0.611720 -0.243793 0.611720
-1 0.000977 -0.531779 -0.872291 0.105122 0.439239 -0.084428 0.439239
-1 0.000977 -0.197446 -0.958928 1.003261 0.665765 -0.500756 0.665765
-1 0.000977 0.287906 -1.031924 -0.292083 -0.034917 -1.026895 -0.034917
-1 0.000977 0.661576 0.265257 0.122167 0.465768 0.398631 0.465768
-1 0.000977 -0.595945 0.868370 -0.041722 0.055175 -0.038181 0.055175
-1 0.000977 0.011286 -0.249146 0.161828 0.413886 -0.257300 0.413886
-1 0.000977 -0.681591 -0.937241 -0.080000 0.386619 -0.352399 0.386619
-1 0.000977 0.721823 -1.151189 -1.294175 0.278590 -0.082770 0.278590
-1 0.000977 -0.823777 -0.135322 0.139860 -0.868050 0.039555 -0.868050
-1 0.000977 -1.006106 0.193605 -0.489281 -0.483572 -0.633821 -0.483572
-1 0.000977 -0.116820 0.524289 0.081416 -0.214511 0.424700 -0.214511
-1 0.000977 0.237003 -0.617343 -0.494876 -0.169300 -0.209357 -0.169300
-1 0.000977 0.112248 -0.441679 0.046490 0.448701 -0.599071 0.448701
-1 0.000977 -0.401612 0.464605 0.385223 0.249038 0.296132 0.249038
-1 0.000977 1.177224 -0.429409 -0.305621 0.450113 -0.382523 0.450113
-1 0.000977 -0.371182 -0.053052 -0.191671 -0.230207 0.904586 -0.230207
-1 0.000977 -0.928103 0.194123 0.075358 -0.209613 -0.144832 -0.209613
-1 0.000977 1.100646 0.407804 0.237606 -0.064694 -0.166324 -0.064694
-1 0.000977 0.861731 1.196778 -0.026874 0.024164 -0.074833 0.024164
-1 0.000977 -0.229594 0.888706 0.434764 0.442966 0.442678 0.442966
-1 0.000977 -0.488211 1.757407 -0.049649 0.317785 0.367238 0.317785
-1 0.000977 0.531850 -0.337776 0.086158 0.086936 -0.292164 0.086936
-1 0.000977 -2.057533 -0.039780 0.513498 -0.154363 -0.091447 -0.154363
-1 0.000977 0.462572 0.895787 -0.216056 0.318632 1.033049 0.318632
-1 0.000977 0.164571 0.099244 0.059591 -0.655866 0.455195 -0.655866
-1 0.000977 -0.390420 -0.122030 0.166718 -0.291653 -0.088036 -0.291653
-1 0.000977 -1.698958 1.182994 1.137731 -0.012591 0.016106 -0.012591
-1 0.000977 -0.873801 -0.897422 0.178331 -0.457689 -0.195798 -0.457689
-1 0.000977 -0.044388 0.715491 0.022657 -0.107464 0.070057 -0.107464
-1 0.000977 -1.241867 0.140875 0.602027 0.010034 -0.262808 0.010034
-1 0.000977 1.151657 1.272950 -0.309126 0.660453 -0.056182 0.660453
-1 0.000977 -0.107359 -0.234549 0.151672 -0.235331 -0.046388 -0.235331
-1 0.000977 0.754614 -1.631638 -0.074985 -0.058922 -0.251886 -0.058922
-1 0.000977 1.092990 0.289760 0.032379 0.529864 0.168595 0.529864
-1 0.000977 -0.075753 0.630905 0.727336 0.014376 0.835005 0.014376
-1 0.000977 -0.359764 0.164775 0.147611 -0.371355 0.658016 -0.371355
-1 0.000977 2.502288 2.570298 0.020418 -0.180213 0.056769 -0.180213
-1 0.000977 -0.442918 -0.509167 0.682496 -0.183748 -0.905162 -0.183748
-1 0.000977 0.545228 -0.176445 -0.550995 0.302878 -0.610510 0.302878
-1 0.000977 0.543230 0.663631 -1.001095 0.301157 0.064906 0.301157
-1 0.000977 -0.069992 -0.940733 -0.188792 -0.325247 -0.287427 -0.325247
-1 0.000977 4.033377 -1.032190 1.436169 -0.252037 0.137930 -0.252037
-1 0.000977 0.469619 -0.833004 -0.411509 0.552589 0.029895 0.552589
-1 0.000977 2.726831 5.852047 4.917625 -0.215476 0.120354 -0.215476
-1 0.000977 0.919466 0.466723 0.651297 -0.395696 0.013579 -0.395696
-1 0.000977 -2.000281 3.821067 3.516919 0.200748 -0.034577 0.200748
-1 0.000977 0.376667 -0.327935 -0.089220 0.423523 0.070542 0.423523
-1 0.000977 -0.120019 -0.245370 0.622042 0.030742 0.226034 0.030742
-1 0.000977 0.318363 -0.048139 0.176326 0.305600 -0.238893 0.305600
-1 0.000977 0.419748 -1.050609 -0.995235 0.227326 -0.485619 0.227326
-1 0.000977 0.559873 -1.463675 -0.418080 0.291077 -0.384161 0.291077
-1 0.000977 0.270601 0.192513 0.015918 0.195673 0.131528 0.195673
-1 0.000977 -1.144931 0.505189 -0.466569 -0.782556 0.653904 -0.782556
-1 0.000977 0.440829 -0.507267 0.023260 0.264782 -0.761579 0.264782
-1 0.000977 0.529657 0.434640 -0.970436 0.487143 0.340639 0.487143
-1 0.000977 -0.402192 -1.012910 0.545561 -0.178090 -0.209294 -0.178090
-1 0.000977 -1.343843 -0.408510 -1.505132 0.401353 0.392856 0.401353
-1 0.000977 -0.123781 0.900807 -0.570519 -0.175574 0.554415 -0.175574
-1 0.000977 -0.484303 1.464492 0.975667 0.209718 0.323488 0.209718
-1 0.000977 0.946007 -1.513089 -0.164147 0.533454 -0.679048 0.533454
-1 0.000977 -1.247229 0.816350 -0.478465 0.339602 0.144607 0.339602
-1 0.000977 -0.647647 -0.404700 0.959298 0.054729 0.051429 0.054729
-1 0.000977 0.461782 0.231931 0.111963 0.386029 -0.203157 0.386029
-1 0.000977 1.311531 -2.152476 0.299892 -0.343841 0.315774 -0.343841
-1 0.000977 -1.618382 -0.950376 0.112575 -0.444852 -0.554221 -0.444852
-1 0.000977 -0.392885 -0.375055 -0.379616 0.172956 -0.004657 0.172956
-1 0.000977 -0.032583 0.644497 0.388787 -0.311895 -0.033900 -0.311895
-1 0.000977 -0.430856 0.554597 0.245265 -0.529627 -0.021304 -0.529627
-1 0.000977 -0.154473 -1.816886 0.910857 0.191586 0.123308 0.191586
-1 0.000977 -0.633524 -0.192223 0.286444 -0.436374 0.224433 -0.436374
-1 0.000977 0.783818 -0.296240 0.125222 0.949670 0.116275 0.949670
-1 0.000977 0.113552 0.026012 -0.042136 -0.604035 0.516054 -0.604035
-1 0.000977 0.139107 0.056051 1.015435 0.050946 0.001384 0.050946
-1 0.000977 0.039939 -0.737800 0.026192 0.048152 0.049918 0.048152
-1 0.000977 -0.626762 -0.418960 0.079370 -0.836249 -0.531433 -0.836249
-1 0.000977 -0.561250 0.638671 0.753920 -0.412890 -0.009651 -0.412890
-1 0.000977 -0.201905 -0.485535 -0.177870 -0.179622 -0.576774 -0.179622
-1 0.000977 1.033108 -1.208015 0.330109 0.321302 -0.171151 0.321302
-1 0.000977 1.311651 -0.556602 0.803475 0.279838 -0.558811 0.279838
-1 0.000977 0.809812 -0.706988 0.439671 0.322841 -0.356026 0.322841
-1 0.000977 0.272622 0.276019 -0.282040 0.100854 0.229077 0.100854
-1 0.000977 0.438006 0.264631 -0.030078 0.395646 0.748521 0.395646
-1 0.000977 1.584807 -0.737832 0.298059 0.326237 -0.526539 0.326237
-1 0.000977 -1.133972 -0.467769 -0.408765 -0.457075 -0.126760 -0.457075
-1 0.000977 0.307712 3.313234 -1.207602 0.001860 -0.086571 0.001860
-1 0.000977 0.690120 1.195257 1.755977 -0.259613 0.487192 -0.259613
-1 0.000977 0.000976 0.503404 -0.063350 0.411786 -0.332193 0.411786
-1 0.000977 0.508531 0.804954 0.447695 0.545795 -0.239684 0.545795
-1 0.000977 -0.934016 -0.089230 0.235193 -0.777904 0.028331 -0.777904
-1 0.000977 -0.840916 2.655231 -3.863616 0.041760 0.082009 0.041760
-1 0.000977 -0.106515 0.038388 -0.460529 -0.605826 -0.106970 -0.605826
-1 0.000977 0.325508 0.933933 -0.178477 0.257203 0.671110 0.257203
-1 0.000977 -1.019475 -0.437461 -0.321574 -0.908291 0.110859 -0.908291
-1 0.000977 0.242174 -0.977246 -0.240486 0.483798 -0.542028 0.483798
-1 0.000977 -0.248183 0.502368 -0.141388 0.194699 0.605284 0.194699
-1 0.000977 -0.183039 -0.226110 0.069625 -0.916068 -0.092868 -0.916068
-1 0.000977 0.194871 -0.154965 -0.075896 -0.457009 -0.166015 -0.457009
-1 0.000977 0.947344 0.100311 -2.666298 0.357805 0.156183 0.357805
-1 0.000977 0.304046 -0.177667 -0.272905 0.507139 -0.332638 0.507139
-1 0.000977 1.154404 -0.404007 0.639821 0.313499 -0.224595 0.313499
-1 0.000977 0.994638 -1.066268 -0.464717 0.114719 0.086061 0.114719
-1 0.000977 -0.204438 -0.388301 -0.143958 -0.005976 -0.282499 -0.005976
-1 0.000977 0.268974 -0.576496 0.054197 0.658789 -0.167488 0.658789
-1 0.000977 0.205657 -0.974028 -0.182836 -0.487604 0.563554 -0.487604
-1 0.000977 -0.354953 -0.370038 -0.245494 0.368891 -0.098049 0.368891
-1 0.000977 -0.380215 0.573244 0.220561 0.027821 0.183636 0.027821
-1 0.000977 -1.122258 -1.076593 -0.040285 0.437911 -0.215479 0.437911
-1 0.000977 -0.746156 0.699551 0.267216 -0.259437 0.482912 -0.259437
-1 0.000977 -0.551706 0.486047 -0.602460 -0.119258 0.534335 -0.119258
-1 0.000977 0.086591 -1.412318 1.223505 -0.419641 0.083342 -0.419641
-1 0.000977 -0.771819 -0.030288 0.048806 -0.332176 0.455446 -0.332176
-1 0.000977 -0.282879 0.669248 0.478900 -0.087283 0.814571 -0.087283
-1 0.000977 0.448074 0.675142 -0.227781 -0.196132 0.556954 -0.196132
-1 0.000977 0.051930 -0.391188 -0.149738 0.139213 0.394506 0.139213
-1 0.000977 0.267091 -0.675367 -0.072642 0.092201 -0.470768 0.092201
-1 0.000977 0.215027 -1.155073 0.260571 0.144310 -0.877528 0.144310
-1 0.000977 1.314373 -0.041256 -0.068772 0.276063 0.717745 0.276063
-1 0.000977 0.266316 -0.949586 -0.178613 -0.131864 -0.953670 -0.131864
-1 0.000977 0.382360 0.529947 -1.381409 0.109069 -0.055507 0.109069
-1 0.000977 -0.059111 0.655022 0.411651 -0.057722 0.133355 -0.057722
-1 0.000977 -0.429797 -0.506265 -0.029668 -0.212853 0.239434 -0.212853
-1 0.000977 1.828853 0.916614 0.958543 -0.378770 0.303094 -0.378770
-1 0.000977 0.254084 -0.811216 -0.884485 0.175594 0.357837 0.175594
-1 0.000977 -1.469537 -1.951243 0.118007 -0.061866 -0.105217 -0.061866
-1 0.000977 0.480491 0.166914 1.589994 0.160182 -0.266062 0.160182
-1 0.000977 -0.120328 0.140556 0.125966 -0.180227 -0.175149 -0.180227
-1 0.000977 -0.568065 -0.351116 -0.247682 -0.185700 -0.942990 -0.185700
-1 0.000977 0.526608 0.517678 -0.248695 0.776015 0.243983 0.776015
-1 0.000977 0.245166 -0.905059 -0.131566 -0.248362 0.009837 -0.248362
-1 0.000977 0.516730 0.499301 0.453679 -0.374460 0.226922 -0.374460
-1 0.000977 0.124348 0.449658 -0.098219 0.753160 0.694058 0.753160
-1 0.000977 -0.245010 0.070988 -0.008236 0.095310 -0.120459 0.095310
-1 0.000977 -0.015818 0.227934 -1.306018 0.414028 -0.127440 0.414028
-1 0.000977 0.591615 -1.024913 0.157375 0.211755 -0.793923 0.211755
-1 0.000977 0.253501 0.303371 0.178535 0.355216 -0.224154 0.355216
-1 0.000977 1.005095 -0.291823 0.714302 0.327263 -0.267093 0.327263
-1 0.000977 0.184059 -0.277023 -0.441058 0.151847 0.346784 0.151847
-1 0.000977 -0.220739 0.416919 0.214270 -0.248966 -0.119348 -0.248966
-1 0.000977 -0.321509 -0.254749 -0.252794 -0.719571 -0.580729 -0.719571
-1 0.000977 -2.913306 -1.277483 0.605126 -0.087295 0.118952 -0.087295
-1 0.000977 -1.840505 4.295058 4.233427 -0.055817 -0.060027 -0.055817
-1 0.000977 -2.592939 0.752271 0.422275 0.003172 -0.095198 0.003172
-1 0.000977 0.821838 -0.903931 -0.277850 0.710941 -0.581373 0.710941
-1 0.000977 -0.607111 0.884470 0.019167 -0.391949 -0.327006 -0.391949
-1 0.000977 2.753657 -0.698426 1.103492 -0.180758 -0.055509 -0.180758
-1 0.000977 -1.122187 -0.056025 0.129613 -0.827260 0.070478 -0.827260
-1 0.000977 0.050489 0.208827 -0.087209 -0.151651 -0.212278 -0.151651
-1 0.000977 0.376103 -0.213391 1.054374 0.152604 -0.527527 0.152604
-1 0.000977 -0.580867 0.109831 -0.013217 -0.537755 0.004805 -0.537755
-1 0.000977 1.236146 -0.022697 0.084088 0.901006 0.131459 0.901006
-1 0.000977 -0.605371 -0.641867 0.148473 -0.765778 -0.508694 -0.765778
-1 0.000977 -0.193957 -1.119381 0.106580 0.710728 -0.037768 0.710728
-1 0.000977 -0.460949 -0.034697 -0.033166 -0.449997 -0.238002 -0.449997
-1 0.000977 -0.815378 0.045102 0.072196 -0.528463 0.295228 -0.528463
-1 0.000977 -0.660309 -0.434207 -0.286039 -0.659742 -0.802418 -0.659742
-1 0.000977 -1.107278 -0.559125 -0.463387 -0.388255 -0.977477 -0.388255
-1 0.000977 -0.352653 0.570833 0.632210 -0.323474 0.474218 -0.323474
-1 0.000977 1.727982 -2.771847 -4.271615 0.510974 -0.026768 0.510974
-1 0.000977 -0.674496 -1.601913 -1.366521 -0.448168 -0.339050 -0.448168
-1 0.000977 -1.327134 -0.836146 0.469038 -0.133718 -0.575224 -0.133718
-1 0.000977 -0.488310 0.471108 -0.484093 -0.171618 0.042379 -0.171618
-1 0.000977 0.524740 0.659224 2.519192 0.300936 0.417604 0.300936
-1 0.000977 -0.794458 0.310970 1.403007 -0.190375 -0.242750 -0.190375
-1 0.000977 -0.755383 0.094183 -0.040499 -0.412360 0.196300 -0.412360
-1 0.000977 -0.686983 -0.068844 0.250967 -0.701476 -0.393506 -0.701476
-1 0.000977 -0.749767 -1.120209 0.609828 0.045265 -0.012003 0.045265
-1 0.000977 -2.616598 -3.320944 1.480138 -0.298570 -0.129551 -0.298570
-1 0.000977 0.389021 0.226637 -0.022941 -0.347325 0.258147 -0.347325
-1 0.000977 -1.053906 -0.527112 0.017046 -0.573494 -0.727353 -0.573494
-1 0.000977 -0.032659 1.354749 0.349772 0.245663 0.755215 0.245663
-1 0.000977 1.026754 0.152399 0.817356 -0.407421 0.176810 -0.407421
-1 0.000977 -1.387713 -0.269940 -0.242152 -1.014802 -0.532996 -1.014802
-1 0.000977 -0.884332 -0.239340 0.236867 -0.435543 -0.144809 -0.435543
-1 0.000977 -0.728574 -1.295114 -0.081718 -0.445779 -1.094225 -0.445779
-1 0.000977 -1.123336 0.011661 0.437917 -0.832356 -0.208178 -0.832356
-1 0.000977 -0.102441 0.775912 0.477569 -0.245764 0.301564 -0.245764
-1 0.000977 0.529482 -1.182548 -0.142009 0.266533 -0.608949 0.266533
-1 0.000977 -0.548610 0.199737 -1.035537 -0.121594 0.463255 -0.121594
-1 0.000977 -1.003047 0.067627 0.032145 -0.175592 -0.119646 -0.175592
-1 0.000977 0.504962 0.112626 -0.983249 0.368821 -0.043350 0.368821
-1 0.000977 0.667062 0.769176 0.080330 0.529962 0.485563 0.529962
-1 0.000977 0.575930 0.238121 0.631166 0.125585 0.575202 0.125585
-1 0.000977 0.366372 0.191365 -0.401597 0.588294 0.296505 0.588294
-1 0.000977 3.574426 1.567954 -0.921679 -0.149281 -0.049895 -0.149281
-1 0.000977 0.431713 0.976449 0.214278 0.227246 0.530849 0.227246
-1 0.000977 0.661438 1.635361 -1.118281 0.082764 -0.243363 0.082764
-1 0.000977 -0.498989 -0.424204 -0.043243 -0.225571 -0.256666 -0.225571
-1 0.000977 1.117360 0.731888 0.859351 0.345839 0.216003 0.345839
-1 0.000977 0.333264 -0.086480 0.748051 0.268012 -0.316870 0.268012
-1 0.000977 -0.793255 0.193278 0.230661 -0.618655 0.269825 -0.618655
-1 0.000977 1.082432 0.478089 0.436978 0.739779 -0.147372 0.739779
-1 0.000977 0.323743 1.015463 0.878311 0.353966 -0.072640 0.353966
-1 0.000977 0.762306 -0.450922 0.153981 0.937718 -0.114459 0.937718
-1 0.000977 0.309552 0.587843 -0.672501 0.086101 0.204716 0.086101
-1 0.000977 0.853794 0.612060 0.283883 0.625448 0.514378 0.625448
-1 0.000977 -0.431067 0.395553 0.350465 -0.398766 0.109827 -0.398766
-1 0.000977 0.273226 0.691261 0.097048 0.229911 0.623065 0.229911
-1 0.000977 0.559864 -2.703579 0.896371 0.219351 -0.320994 0.219351
-1 0.000977 -0.696319 0.182489 -0.110780 -0.276047 0.636432 -0.276047
-1 0.000977 2.088718 -0.656407 -0.043837 0.447582 -0.217136 0.447582
-1 0.000977 0.935209 -0.108564 0.824677 0.382087 0.028928 0.382087
-1 0.000977 -0.381107 0.479745 -0.096271 0.044265 0.258072 0.044265
-1 0.000977 -0.755270 -0.888808 -0.118164 -0.260915 -0.647968 -0.260915
-1 0.000977 1.680980 1.265636 0.159394 0.776450 0.325891 0.776450
-1 0.000977 -0.153155 0.318645 -1.790442 0.030388 0.174982 0.030388
-1 0.000977 0.593528 0.237529 -0.520419 -0.256983 -0.097549 -0.256983
-1 0.000977 0.300928 -0.418898 0.403752 -0.569038 -0.089381 -0.569038
-1 0.000977 0.098253 -0.126960 -1.090155 -0.712474 -0.254085 -0.712474
-1 0.000977 -2.564688 -0.866054 -1.717701 -0.205222 0.190696 -0.205222
-1 0.000977 -0.214928 -0.528537 -0.124883 -0.790165 -0.349927 -0.790165
-1 0.000977 -0.637307 1.206352 0.291595 -0.128534 1.046566 -0.128534
-1 0.000977 -0.396650 0.580545 1.708609 0.060300 -0.439397 0.060300
-1 0.000977 10.853978 7.023608 -3.319128 -0.014236 -0.048704 -0.014236
-1 0.000977 -0.264953 -0.414821 0.807650 -0.695945 0.077925 -0.695945
-1 0.000977 -0.489426 -0.548051 -0.492665 -0.273061 -0.208911 -0.273061
-1 0.000977 0.788213 -1.140083 -0.538932 0.405095 -0.082291 0.405095
-1 0.000977 -0.618639 1.431198 0.648845 0.492836 -0.067594 0.492836
-1 0.000977 -0.655857 0.213894 0.794809 -0.846368 0.407767 -0.846368
-1 0.000977 -0.726256 0.138423 0.475700 -0.255995 -0.111410 -0.255995
-1 0.000977 0.342023 -0.752834 -0.343414 0.308088 -0.692607 0.308088
-1 0.000977 -0.068725 1.367352 0.202025 -0.219061 0.596898 -0.219061
-1 0.000977 -0.627766 -0.951843 0.151708 -0.644705 -0.846311 -0.644705
-1 0.000977 0.686551 -0.067585 0.336131 -0.102024 0.380016 -0.102024
-1 0.000977 0.739916 -1.021182 0.035328 0.227151 -0.659383 0.227151
-1 0.000977 -0.583271 0.055098 1.093938 -0.163529 -0.327903 -0.163529
-1 0.000977 -0.689077 0.553756 -0.603618 -0.118558 -0.061419 -0.118558
-1 0.000977 0.400561 -0.380091 -6.152010 -0.230045 -0.088460 -0.230045
-1 0.000977 0.541699 0.513793 -0.157692 0.011058 0.590871 0.011058
-1 0.000977 0.751707 0.127792 -0.754813 -0.428556 -0.136460 -0.428556
-1 0.000977 0.037578 -0.427926 0.191839 0.108920 -0.739943 0.108920
-1 0.000977 -0.069416 0.272258 -0.415736 0.220857 0.231500 0.220857
-1 0.000977 0.112947 1.014971 1.028201 0.659078 0.392793 0.659078
-1 0.000977 0.160472 0.093652 -0.666110 -0.099117 0.037796 -0.099117
-1 0.000977 -0.957469 -1.280564 -0.264113 0.072328 0.237372 0.072328
-1 0.000977 2.135670 1.068025 -1.269432 0.202631 0.231319 0.202631
-1 0.000977 -0.546348 -1.112616 0.060596 0.305074 -0.346991 0.305074
-1 0.000977 0.748013 0.335526 0.066622 0.559135 0.559130 0.559135
-1 0.000977 0.395059 -1.060323 -0.678273 0.545365 -0.521805 0.545365
-1 0.000977 -0.196077 -0.622467 0.569712 0.122623 -0.264666 0.122623
-1 0.000977 0.349096 -1.078463 1.571990 0.385847 0.142031 0.385847
-1 0.000977 -0.029337 -0.228670 0.196529 0.109779 -0.408053 0.109779
-1 0.000977 0.278921 0.263657 -0.851442 0.424823 -0.257236 0.424823
-1 0.000977 -2.116997 1.304136 -0.673471 -0.152017 0.240578 -0.152017
-1 0.000977 0.055394 -2.282110 -0.232641 0.039286 -0.148180 0.039286
-1 0.000977 -0.251189 1.408297 -2.607132 0.050470 0.251694 0.050470
