-1 0.000977 0.062272 -0.200937 -0.007219 -1.141856 0.244940 -0.533418
-1 0.000977 -0.249342 0.082095 0.664999 0.504683 -0.044144 0.662953
-1 0.000977 -0.247191 0.040070 -0.467686 0.565649 -0.084597 -0.090024
-1 0.000977 -0.291142 0.158426 -0.413871 -0.206526 -0.926095 -0.700115
-1 0.000977 -0.107429 0.039425 -0.551361 -0.197041 0.763078 -0.278878
-1 0.000977 -0.971947 1.340928 0.008678 0.592107 0.196606 0.066774
-1 0.000977 0.804522 -0.508817 0.092447 0.417338 -0.463278 -0.024581
-1 0.000977 0.029084 1.182734 0.018494 -0.366016 -0.024685 0.544218
-1 0.000977 0.233756 1.833557 -0.968347 -0.322117 0.135439 -0.111651
-1 0.000977 0.370136 0.187740 0.476618 0.123318 0.590771 0.382333
-1 0.000977 0.276851 -0.250087 0.217513 0.671377 -0.078568 0.018568
-1 0.000977 -0.454710 -0.995684 1.131509 -0.739830 0.068727 0.515393
-1 0.000977 -0.265350 0.589548 -0.259352 0.370872 -0.586747 -0.018009
-1 0.000977 -0.113433 0.068703 -0.049942 0.111231 -0.347301 0.091719
-1 0.000977 -0.077163 -0.491065 0.676804 -0.155495 0.359020 -0.145292
-1 0.000977 -0.312393 0.064321 -0.662157 -0.675151 0.145638 -0.276857
-1 0.000977 -0.075106 -0.112050 -0.480626 0.359034 0.178812 -0.217468
-1 0.000977 0.157267 -0.270669 0.086948 -0.009071 0.367700 -0.209375
-1 0.000977 -0.164995 0.000523 -0.150756 0.786641 -0.617888 0.244711
-1 0.000977 0.261792 0.381788 1.917492 0.210366 -0.028970 -0.275830
-1 0.000977 -0.183314 -0.009979 -0.237147 -0.043812 0.385261 -0.000501
-1 0.000977 0.175398 -0.726911 -0.762718 -0.074959 -0.244949 -0.025951
-1 0.000977 0.186476 -0.405459 -0.253545 0.109362 0.237678 -0.497888
-1 0.000977 0.754817 -0.145696 0.420589 -0.138601 0.703080 -0.384691
-1 0.000977 -0.169949 0.296780 0.082424 -0.638193 -0.116367 -0.196077
-1 0.000977 0.433207 0.918866 0.886064 -0.277766 0.447023 -0.179804
-1 0.000977 0.080523 -0.282192 -0.749410 0.227755 0.391297 -0.010966
-1 0.000977 0.057011 -0.131863 -0.351303 -0.038173 -0.018213 0.571933
-1 0.000977 0.219669 0.211808 -0.217241 0.247536 0.261487 0.406595
-1 0.000977 -0.584808 0.691963 -0.338470 -0.275370 0.261160 -0.960764
-1 0.000977 -0.521089 0.348341 0.319962 0.089189 -0.109372 0.315927
-1 0.000977 0.529602 1.214475 -0.721344 0.093118 -0.256749 -0.263792
-1 0.000977 1.088565 0.740580 0.360670 0.407380 0.494207 0.237347
-1 0.000977 0.287484 -0.137090 0.517879 -0.551013 0.298875 0.472871
-1 0.000977 0.024360 0.297973 0.243470 -0.469415 0.229887 0.717999
-1 0.000977 -0.149459 0.056123 0.337703 0.092841 -0.731216 0.504747
-1 0.000977 0.276111 0.685942 0.231062 0.306220 0.716512 -0.447443
-1 0.000977 0.556993 -0.026402 -0.110013 0.043217 0.053879 -0.304842
-1 0.000977 0.142852 -0.299429 0.063328 -0.053654 0.754496 0.534755
-1 0.000977 0.311552 -0.289667 0.481480 -0.750080 -0.406318 0.323014
-1 0.000977 1.172371 -0.052561 -0.185214 0.932238 0.019307 0.108434
-1 0.000977 0.820953 0.674232 -0.845485 0.011761 0.430508 -0.607399
-1 0.000977 -0.052317 -0.544892 0.749129 -0.109545 -0.494232 0.492620
-1 0.000977 0.835595 -0.690941 -1.833473 -0.242445 -0.398753 0.103626
-1 0.000977 0.674319 0.107206 -0.011059 0.422066 -0.261730 0.313406
-1 0.000977 -0.179397 -0.199584 -0.221796 -0.500281 0.300848 0.091654
-1 0.000977 0.682744 -0.604210 0.638709 -0.133931 0.124505 0.151841
-1 0.000977 1.119096 1.456271 0.051811 -0.416359 -0.358824 -0.432659
-1 0.000977 0.371283 -0.341738 -0.458690 0.527839 -0.112043 0.363295
-1 0.000977 -0.264738 0.304931 -0.143625 0.084098 -0.334484 -0.526298
-1 0.000977 -0.687554 0.100704 -0.287868 -0.933214 0.340546 0.027595
-1 0.000977 -0.022272 0.693405 -0.064961 0.473018 0.067381 0.245102
-1 0.000977 -0.779863 0.862948 1.311602 -0.590305 -0.333849 0.265310
-1 0.000977 0.433030 -0.202475 -0.366490 0.637936 0.243923 -0.422957
-1 0.000977 -0.276928 -0.818916 -0.227531 -0.417717 -0.654587 0.235426
-1 0.000977 -0.603992 0.155347 0.138232 -0.268344 0.938741 -0.506632
-1 0.000977 0.462836 -0.532813 0.280719 0.030903 -0.202363 -0.138015
-1 0.000977 -0.561674 -0.372184 -0.083575 -0.878257 -0.154599 -0.392658
-1 0.000977 -0.660729 -0.097195 -0.098289 -0.813958 -0.110579 -0.237581
-1 0.000977 -0.283670 -0.113930 -0.918589 -0.709562 0.450637 -0.642414
-1 0.000977 -0.066053 0.384819 -0.113696 -0.430481 0.381624 0.241998
-1 0.000977 0.385760 1.323573 -0.490304 0.322322 -0.197677 -0.003603
-1 0.000977 2.034201 -0.670898 0.001937 0.011686 0.597959 0.296824
-1 0.000977 1.505864 0.043150 -0.323198 -0.225078 0.271132 -0.000057
-1 0.000977 -4.146129 -5.110676 -2.190817 -0.299289 -0.007408 -0.086626
-1 0.000977 -0.848467 -1.545771 1.582166 0.004686 0.477722 -0.191976
-1 0.000977 0.712732 -0.220260 0.254384 0.166789 0.818622 0.064255
-1 0.000977 -0.452744 -1.046481 0.574873 -0.127156 0.056652 -0.441703
-1 0.000977 0.034874 0.315846 -0.119173 -0.357567 -0.297338 -1.009684
-1 0.000977 -0.104682 -1.048881 0.390801 0.244329 0.127648 -0.753901
-1 0.000977 2.028638 0.377019 -0.529875 -0.115891 -0.118774 -0.289657
-1 0.000977 -0.060582 0.232237 -1.355734 -0.138566 0.032189 0.002111
-1 0.000977 -0.272176 -0.186430 -0.685571 -0.162575 -0.185655 0.866385
-1 0.000977 0.179380 -0.189862 -0.299688 0.199339 0.703996 0.197587
-1 0.000977 -0.090896 0.042970 0.317731 -0.121106 -0.073746 -0.130278
-1 0.000977 -0.138761 0.076359 0.110311 -0.158522 0.894082 0.041963
-1 0.000977 -0.212667 -1.173711 -0.498138 0.012635 0.255608 -0.510582
-1 0.000977 0.535188 0.807149 0.460364 0.315867 -0.013118 0.350474
-1 0.000977 -0.511121 -0.032064 -0.096816 -0.365847 0.044395 0.731150
-1 0.000977 -0.932455 0.344719 0.747742 0.241239 -0.160481 0.134290
-1 0.000977 -0.386325 0.325051 -1.332028 0.031970 0.153729 -0.406149
-1 0.000977 0.063484 -0.775070 -0.280509 0.274811 0.592476 0.133989
-1 0.000977 -0.399243 0.284536 -0.587799 -0.208096 0.019683 0.135186
-1 0.000977 -0.349071 0.293928 0.528479 0.094606 -0.360824 -0.121113
-1 0.000977 0.125412 0.009908 -0.397962 0.231848 -0.597345 0.106525
-1 0.000977 -0.818116 -1.685968 0.560788 -0.425556 -0.783810 0.336561
-1 0.000977 0.878898 -0.418958 0.353459 0.810493 -0.240065 -0.078606
-1 0.000977 -0.213870 -0.400539 -3.217974 -0.014988 -0.241311 0.216739
-1 0.000977 0.121576 1.018081 0.289257 -0.052390 -0.033332 -0.146160
-1 0.000977 0.161110 -0.419830 -0.001425 -0.663754 -0.463534 -0.088794
-1 0.000977 -0.007568 -0.112041 0.476740 0.207332 -0.425916 0.288237
-1 0.000977 -0.285594 -0.243672 -0.360732 -0.298384 0.072412 -0.216064
-1 0.000977 0.497080 1.008015 0.552546 0.090561 0.262567 0.049775
-1 0.000977 0.035291 -0.625720 0.270565 0.030137 -0.718237 0.145776
-1 0.000977 -0.305081 -0.421807 1.006830 0.901863 0.147176 -0.384488
-1 0.000977 0.273366 -0.078667 -0.635114 0.171040 -0.134503 0.339388
-1 0.000977 -0.956075 0.439116 0.231250 -0.169900 -0.253393 -0.159146
-1 0.000977 -0.237903 -0.551990 -0.635733 -0.339286 0.666775 0.128164
-1 0.000977 0.505509 0.330242 0.458127 0.166066 0.249377 0.298193
-1 0.000977 -0.364183 0.159053 0.445674 -0.262665 -0.572789 0.755753
-1 0.000977 0.339605 -0.300204 0.294424 -0.404550 -0.507763 -1.026171
-1 0.000977 0.422669 -0.610381 0.189565 0.084396 -0.141757 0.233426
-1 0.000977 0.221121 -0.253558 0.188161 -1.073108 0.035063 0.242695
-1 0.000977 -0.053969 -0.664518 -0.570393 -0.137291 0.366454 -0.008552
-1 0.000977 -0.968823 0.771910 1.567350 0.099502 0.184224 0.045196
-1 0.000977 0.273334 -0.720763 -0.457086 0.171629 -0.330319 -0.833177
-1 0.000977 0.639925 -0.140444 0.586464 0.325093 -0.085751 0.530144
-1 0.000977 0.244539 -0.280078 -0.111407 0.658190 -0.271882 -0.533815
-1 0.000977 -0.025981 0.227147 -0.098372 -0.156251 -0.371054 -0.242740
-1 0.000977 0.187237 -0.668590 -0.210125 0.324835 0.300881 0.761315
-1 0.000977 0.587748 -0.328544 0.465827 0.823260 -0.346037 -0.281422
-1 0.000977 -0.269736 -0.252203 -0.350147 -0.261972 0.264374 -0.518347
-1 0.000977 0.291793 -0.486457 0.069601 0.965861 0.360765 -0.043262
-1 0.000977 -0.597143 -0.100456 -0.250292 -0.395046 0.843452 -0.336730
-1 0.000977 -0.139797 -0.103501 0.289742 -0.109137 -0.711856 0.575475
-1 0.000977 -1.539117 0.113889 0.441311 0.008929 0.162544 0.364361
-1 0.000977 0.518212 -0.117966 -0.148899 0.042912 0.621287 0.300739
-1 0.000977 -0.120537 0.022289 0.208177 -0.503240 -0.415567 -0.208641
-1 0.000977 0.035840 0.108124 -0.222357 -0.051944 0.234280 0.437749
-1 0.000977 0.315523 0.075138 -0.560220 0.135173 0.247333 -0.542871
-1 0.000977 -0.185629 -0.220428 -0.374780 -0.499340 0.586341 -0.139084
-1 0.000977 -0.323080 -0.216142 -0.107410 -0.351902 -0.210552 -0.103137
-1 0.000977 0.758281 -0.742386 -0.310123 0.804200 -0.008063 -0.073701
-1 0.000977 -0.048651 -0.022072 -0.104990 0.250296 0.094418 -0.156930
-1 0.000977 1.132984 -0.668398 -0.151005 0.542164 0.313125 0.326490
-1 0.000977 -0.057583 -0.552143 0.154659 -0.174691 -0.185089 -0.262563
-1 0.000977 0.787379 -0.052510 -0.152273 0.298609 -0.186429 0.217398
-1 0.000977 1.341035 0.124418 1.936913 -0.026749 -0.045229 0.337849
-1 0.000977 -0.302624 1.141106 2.406377 0.158075 -0.262148 0.131773
-1 0.000977 -0.067419 -0.098770 -0.097376 -0.373813 -0.062128 0.228559
-1 0.000977 -0.046866 -0.104957 0.158363 -0.037740 0.661281 0.429372
-1 0.000977 0.042041 0.138581 0.001859 0.017321 0.476257 -0.518847
-1 0.000977 0.686995 -0.158206 -0.365923 0.373101 -0.024803 -0.370885
-1 0.000977 0.749019 -0.197145 1.040415 -0.171312 -0.360774 -0.392180
-1 0.000977 3.592344 -3.544993 6.345922 -0.192525 -0.047008 0.140901
-1 0.000977 -0.204066 -0.021906 0.183936 -0.167187 -0.572352 -0.650308
-1 0.000977 0.805002 -0.041079 0.728157 1.036563 -0.272992 -0.247576
-1 0.000977 -0.088270 -0.111674 -0.010280 -0.076305 -0.843714 0.051342
-1 0.000977 -1.679168 1.765957 -2.683693 0.093943 -0.521196 -0.079934
-1 0.000977 -0.211992 0.298822 -0.200161 0.225511 0.343200 0.304005
-1 0.000977 0.154869 -0.395093 0.098514 -0.475956 -0.505625 0.331712
-1 0.000977 -0.000636 -0.349395 -0.686541 -0.114160 0.443614 0.280734
-1 0.000977 -0.166455 0.059770 -0.118037 -0.053216 -0.197597 0.976605
-1 0.000977 -0.132037 -0.483797 -0.852680 -0.341779 -0.530775 -0.578471
-1 0.000977 1.572590 0.969477 0.297156 0.435910 -0.240335 -0.166505
-1 0.000977 0.377348 -0.862852 0.398081 0.453825 0.088658 -0.123045
-1 0.000977 0.374832 -0.314777 0.433001 -0.109203 -0.397647 -0.218150
-1 0.000977 0.223126 -0.439569 0.813302 0.008827 0.288110 -0.193997
-1 0.000977 -0.301741 -0.617639 -1.436989 -0.087786 0.067972 -0.513232
-1 0.000977 0.036054 0.529133 -0.898489 0.011773 0.597564 -0.556199
-1 0.000977 -1.761243 -0.557686 0.131869 -0.292322 -0.029142 0.029293
-1 0.000977 1.937730 -2.232909 -0.870912 0.164579 0.290180 -0.433773
-1 0.000977 0.858002 -0.025826 -3.424727 0.203972 0.231557 0.162638
-1 0.000977 0.148231 0.473878 -0.106109 0.532674 0.697518 0.055938
-1 0.000977 0.057350 0.842574 0.240859 -0.283701 0.112264 -0.001672
-1 0.000977 0.103489 -0.596184 -0.609538 0.195117 0.140045 -0.015984
-1 0.000977 0.336023 -0.570927 0.535322 -0.557981 -0.225338 0.146248
-1 0.000977 -0.308190 0.073241 0.698686 -0.009434 0.203645 0.202337
-1 0.000977 -0.098347 1.790495 -1.519761 -0.353288 0.058665 0.286596
-1 0.000977 -0.727639 -0.351276 -0.937771 -0.345614 -0.320164 0.312644
-1 0.000977 0.359488 -0.265466 -1.280412 -0.398446 -0.459636 -0.233494
-1 0.000977 -0.224171 0.599488 0.216341 0.695965 0.108581 -0.423528
-1 0.000977 0.174156 -0.103985 -0.183011 0.279472 0.590818 -0.389085
-1 0.000977 -0.428064 0.835464 0.127839 -0.285145 0.002428 0.511479
-1 0.000977 1.504500 -0.628048 2.658134 0.051988 0.112122 -0.050092
-1 0.000977 -0.193852 -0.056684 0.487783 -0.979470 0.456255 0.292492
-1 0.000977 -0.184512 0.201355 -0.149973 0.030574 -0.134172 -0.906589
-1 0.000977 -4.773074 -0.361558 1.717211 -0.010902 -0.063427 -0.039559
-1 0.000977 -0.211434 -0.505490 0.482654 0.205462 0.577443 0.476490
-1 0.000977 0.937780 -0.767817 0.997707 0.265335 0.290030 0.557388
-1 0.000977 -0.191339 -0.129816 -0.323656 -0.445673 -0.656535 -0.013780
-1 0.000977 -0.960296 0.656734 -0.409262 -0.108366 -0.184656 -0.523305
-1 0.000977 0.272466 -0.717528 -0.670056 0.011905 -0.827726 0.069027
-1 0.000977 0.367334 -0.559689 -0.414437 0.056695 0.189967 0.283223
-1 0.000977 0.263676 -0.448852 0.094557 0.141402 0.083248 0.341465
-1 0.000977 -0.436306 0.112378 -0.399420 0.349607 -0.001695 -0.364051
-1 0.000977 0.212683 -1.464972 0.510955 0.551656 0.318133 -0.428873
-1 0.000977 0.933715 -0.561430 0.548362 -0.522498 0.182598 0.645149
-1 0.000977 -0.045945 -0.158830 0.087560 0.282543 0.181905 0.178385
-1 0.000977 0.119871 -0.260952 0.070449 -0.150137 0.607105 0.016515
-1 0.000977 0.109448 -0.454929 -1.207699 0.386724 -0.121589 -0.295821
-1 0.000977 0.279078 -0.413748 -0.056588 0.171188 0.084849 -0.254560
-1 0.000977 0.320953 -0.483461 0.129953 0.128409 0.587577 0.145604
-1 0.000977 -7.652951 -1.567070 4.872596 0.077139 0.073557 0.283103
-1 0.000977 -0.018536 0.408366 -0.282387 0.391456 -0.167965 -0.530094
-1 0.000977 -0.028618 0.161930 0.480187 0.799664 -0.451494 -0.401857
-1 0.000977 0.212346 -0.417018 0.297623 -0.035187 0.270499 -0.533160
-1 0.000977 -1.025957 -0.442676 -0.971036 -0.279769 -0.045150 0.543845
-1 0.000977 -0.498124 0.748493 0.395437 -0.190233 0.135833 -0.073926
-1 0.000977 -0.255337 -1.044226 -0.386800 0.170192 -1.113920 -0.303162
-1 0.000977 0.933615 0.671783 0.319963 0.568612 0.134724 0.160101
-1 0.000977 0.300257 0.089226 -0.806934 0.059744 -0.043924 -0.013235
-1 0.000977 -0.352927 -0.222705 0.273275 0.172492 -0.185576 -0.000963
-1 0.000977 -0.218777 0.349382 -0.517403 -0.449123 0.202447 -0.244250
-1 0.000977 0.442812 0.419388 -0.017253 0.384576 0.180997 -0.638365
-1 0.000977 -0.179123 -0.344647 -0.080130 -0.264542 0.713365 -0.020982
-1 0.000977 0.370654 0.733489 0.164360 -0.290050 -0.048846 0.064333
-1 0.000977 -1.444633 0.486869 1.132301 -0.315888 -0.506272 0.055161
-1 0.000977 -0.025402 -1.014831 0.091890 0.196112 -0.189362 0.537952
-1 0.000977 -0.632349 0.033310 0.137580 -0.472881 0.217641 0.093836
-1 0.000977 -0.402621 0.282440 0.653887 0.088890 -0.269976 -0.290813
-1 0.000977 -0.096046 -0.123444 -0.741638 -0.088060 0.206741 -0.468607
-1 0.000977 0.859408 -0.100342 0.316931 0.762700 0.250866 0.193197
-1 0.000977 -0.030153 0.388510 0.190905 -0.187599 -0.505760 -0.152072
-1 0.000977 -0.490034 0.059398 -1.086558 0.073099 -0.072638 0.122673
-1 0.000977 0.549171 0.460481 -0.007972 0.949424 0.078142 0.006057
-1 0.000977 -0.470647 1.583388 -0.669371 0.396117 0.375012 0.457408
-1 0.000977 -0.717403 0.127652 -0.097550 -0.312020 -0.823672 0.157170
-1 0.000977 0.039749 0.131379 -0.265082 0.449730 0.175803 0.395398
-1 0.000977 -0.332763 0.597649 -0.507176 0.465052 0.453367 -0.527915
-1 0.000977 -0.562625 0.638526 0.087070 -0.895465 0.188269 -0.337588
-1 0.000977 -0.046212 0.480006 0.144435 0.018798 0.763267 -0.107884
-1 0.000977 -0.280031 0.203626 0.409901 0.019805 -0.680748 -0.125072
-1 0.000977 -1.728928 -0.547737 0.175291 -0.361660 0.350828 0.003410
-1 0.000977 -0.151899 0.534366 -0.166400 -0.653592 0.721227 0.496774
-1 0.000977 0.340600 0.661669 -0.219875 -0.629986 0.453863 0.164283
-1 0.000977 0.209542 0.469973 0.087034 -0.051962 0.318444 0.334110
-1 0.000977 -0.835468 -0.576920 0.271238 -0.373303 0.535926 -0.303818
-1 0.000977 0.274906 0.612929 0.116779 -0.076195 -0.192611 0.524857
-1 0.000977 0.135698 0.177926 -0.201342 0.105067 0.652703 -0.146155
-1 0.000977 0.293845 0.619302 -0.174756 0.512958 0.846378 -0.157216
-1 0.000977 -0.424730 -0.081313 -1.124068 -0.094105 -0.261418 -0.146287
-1 0.000977 0.984465 0.339989 -0.348637 0.768664 0.540425 -0.322221
-1 0.000977 -0.002441 0.132931 0.429509 0.495493 0.912377 0.238747
-1 0.000977 4.020028 1.185331 -1.084596 0.107295 -0.037488 0.317064
-1 0.000977 -0.391957 -0.263104 0.167012 -0.165743 -0.517026 0.714102
-1 0.000977 0.812319 -0.098535 -0.269335 -0.638103 0.230518 -0.108781
-1 0.000977 -0.493912 0.244048 0.583787 -0.769813 -0.395125 -0.217371
-1 0.000977 -0.332940 0.388461 -0.070928 -0.705049 0.430621 -0.121557
-1 0.000977 -0.676009 -0.942484 0.155790 0.073650 -0.739441 0.196185
-1 0.000977 0.554281 -1.076105 0.473219 -0.184056 0.337719 -0.250557
-1 0.000977 -0.466874 0.411233 -0.114573 -0.230860 0.958718 -0.536869
-1 0.000977 0.754311 0.061374 0.627365 0.494149 0.281574 0.483818
-1 0.000977 -0.064411 0.641501 -0.445733 0.411980 -0.353369 0.160925
-1 0.000977 -0.102721 0.508177 -0.040893 -0.221249 -0.060894 0.333210
-1 0.000977 0.103410 1.337027 0.468834 0.276816 -0.057144 0.366254
-1 0.000977 -0.183641 -0.032340 -0.146616 -0.665511 -0.191673 0.146854
-1 0.000977 0.031525 0.062263 -0.898242 0.148785 -0.525692 -0.484536
-1 0.000977 1.107838 -0.475226 -0.541150 0.084185 0.671471 -0.184196
-1 0.000977 0.416994 0.131010 -0.457200 0.250847 -0.089779 -0.107412
-1 0.000977 -0.331532 0.739112 -0.214679 -0.906738 -0.319194 0.336457
-1 0.000977 -0.057624 0.464177 0.546593 -0.112986 0.150556 0.120121
-1 0.000977 -0.247430 0.715784 -0.220140 -0.026573 0.310495 -0.451715
-1 0.000977 -0.109580 0.091815 -0.511327 0.212982 -0.245291 -0.355024
-1 0.000977 0.612836 -0.161881 -0.385975 0.588869 -0.004232 0.109168
-1 0.000977 0.170453 0.555558 -0.123693 -0.076014 0.439676 -0.296059
-1 0.000977 -0.004165 -1.364460 0.748508 -0.051162 0.312307 0.084066
-1 0.000977 0.162322 0.258789 -0.374020 -0.299583 0.870390 -0.346877
-1 0.000977 -0.037079 0.478548 0.896414 0.234662 0.228314 -0.469015
-1 0.000977 0.816247 0.170706 0.132532 0.358342 0.051579 0.448108
-1 0.000977 -0.701748 0.204797 0.695584 0.093985 -0.784695 -0.278381
-1 0.000977 0.160494 0.595649 0.486156 0.599157 0.114631 0.102395
-1 0.000977 0.169050 -0.224907 -0.701443 0.141004 0.030754 -0.030845
-1 0.000977 0.939994 -0.340881 0.384910 0.408260 -0.292056 0.236860
-1 0.000977 0.231554 0.045467 -0.755885 -0.248481 0.713168 -0.049551
-1 0.000977 -0.315698 -0.093270 0.202430 0.178705 0.030180 0.647414
-1 0.000977 -0.453042 0.048963 0.138908 0.449016 0.073339 -0.201438
-1 0.000977 -0.723086 -0.228750 0.025163 -0.354618 -0.020185 0.202673
-1 0.000977 -0.901312 -0.480186 0.274699 -0.428755 -0.031223 -0.307908
-1 0.000977 -0.041454 -0.114499 -0.329786 0.147813 -0.089068 0.192162
-1 0.000977 0.935617 2.010616 -1.751244 -0.148775 0.050848 0.236770
-1 0.000977 -0.662571 -0.141331 -0.043661 -1.067640 0.146232 -0.052261
-1 0.000977 -4.894704 2.973385 4.395593 0.081342 0.030522 -0.031733
-1 0.000977 0.566983 1.447218 -0.422462 -0.186663 -0.133948 0.253576
-1 0.000977 0.011201 -0.211151 1.074380 0.199621 -0.226054 0.125809
-1 0.000977 -0.081396 0.655689 0.351625 -0.715978 0.503781 0.070430
-1 0.000977 0.947244 -1.408261 -3.171533 -0.064803 -0.077528 -0.037629
-1 0.000977 -0.228975 1.038395 -0.256352 -0.391967 0.355815 -0.003066
-1 0.000977 -0.592799 0.284828 0.344338 -0.839931 -0.188240 0.052989
-1 0.000977 0.095492 -0.276567 -0.971121 0.257451 -0.323718 -0.763212
-1 0.000977 -1.625166 -0.230658 0.015345 0.079885 -0.024005 0.482264
-1 0.000977 -0.650769 -0.328789 0.322791 -0.780716 -0.439481 -0.420300
-1 0.000977 -0.249552 -0.362913 -0.894605 -0.451916 -0.420276 -0.252322
-1 0.000977 0.285068 0.181222 0.150542 0.555316 0.007232 -0.568610
-1 0.000977 -1.365146 0.025151 -0.467656 0.133066 -0.267142 0.115281
-1 0.000977 0.231139 -0.122319 0.352330 -0.161787 0.920344 0.170012
-1 0.000977 -0.395428 -0.447511 0.100901 -0.431470 -0.650146 0.445453
-1 0.000977 -0.120497 -0.943104 0.244338 0.349487 0.725579 -0.036646
-1 0.000977 0.612854 -1.106599 -0.345220 0.342004 -0.341199 0.297553
-1 0.000977 -0.578807 0.183696 -0.386087 -0.258302 0.597320 -0.193768
-1 0.000977 0.626374 0.175710 0.790211 -0.338629 0.037379 -0.182969
-1 0.000977 -0.033411 0.306265 -0.256169 0.566154 -0.415275 0.283377
-1 0.000977 -0.193673 -0.182450 0.505615 -0.145523 0.397350 -0.185817
-1 0.000977 -6.610834 7.796181 -1.343099 0.077797 0.021210 -0.035158
-1 0.000977 0.063798 0.151003 -0.240310 -0.217891 0.321376 -0.103827
-1 0.000977 0.140443 0.105799 -0.592757 0.189159 0.091652 0.811217
-1 0.000977 1.323304 -0.337435 -0.801104 -0.134240 -0.285410 0.033182
-1 0.000977 -0.155565 0.378721 0.576771 0.411565 0.393318 0.428099
-1 0.000977 -0.097365 -0.196073 0.472669 -0.059084 -0.765345 0.641764
-1 0.000977 -0.277311 0.913032 -0.040591 -0.180967 0.380980 -0.386395
-1 0.000977 0.323406 -0.350831 -0.259134 0.409422 0.054001 0.128869
-1 0.000977 0.209710 0.118341 -0.355772 0.684135 0.433968 -0.278056
-1 0.000977 -0.438212 0.493672 0.126656 -0.715153 0.516509 -0.114559
-1 0.000977 -0.431315 0.042369 -0.920131 -0.410482 -0.149093 -0.868610
-1 0.000977 0.560148 1.908345 -1.922356 -0.133495 0.387424 0.264777
-1 0.000977 -0.682758 -0.130995 0.227947 -0.330269 0.355548 0.009671
-1 0.000977 -0.089899 -0.356926 0.778235 -0.486021 -0.355120 0.332637
-1 0.000977 -1.021140 2.961847 -1.470292 0.386315 0.106759 0.020790
-1 0.000977 -0.192525 -0.526726 -0.918723 -0.236953 -0.269221 -0.845309
-1 0.000977 0.016482 -0.568329 0.107363 -0.318768 -0.206240 -0.424708
-1 0.000977 -4.096508 0.973527 -1.662359 0.147900 -0.135382 0.307275
-1 0.000977 0.913805 0.100043 -0.445770 0.719994 -0.487991 0.429189
-1 0.000977 -0.779921 -0.701065 -0.281655 -0.709522 0.081791 -0.052925
-1 0.000977 0.220841 -0.003108 -0.385174 -0.363654 0.139081 0.620255
-1 0.000977 -0.042612 0.424721 1.797946 0.554617 0.415232 0.520557
-1 0.000977 -0.060095 0.174772 0.226954 0.109183 -0.768151 -0.099055
-1 0.000977 -0.310933 1.143483 -0.467647 0.236510 1.126037 -0.363275
-1 0.000977 -0.162749 0.030282 -0.545429 -0.141681 0.107224 -0.392382
-1 0.000977 1.025787 -1.194907 -1.410711 0.206322 -0.720952 0.180366
-1 0.000977 0.360212 -1.363970 -0.031081 -0.315503 -0.324390 -0.273685
-1 0.000977 -0.528250 -0.082315 -0.470496 -0.092291 -0.175191 -0.002092
-1 0.000977 0.948026 -0.353399 0.310560 0.295614 -0.026806 -0.160830
-1 0.000977 -0.430856 0.351414 0.063647 -0.345774 0.329962 -0.163611
-1 0.000977 -0.065534 0.139608 0.249591 0.260934 -0.314727 -0.702604
-1 0.000977 -0.378949 -0.206345 -1.123025 -0.234962 -0.025557 -0.711639
-1 0.000977 0.177700 -0.160629 0.695580 -0.353231 0.636297 1.109975
-1 0.000977 -0.112430 -0.260026 -0.553727 -0.107164 -0.272236 0.582034
-1 0.000977 0.401581 0.676813 0.063764 -0.023482 0.456774 -0.134472
-1 0.000977 0.065461 0.098385 -0.029358 0.189173 0.636157 0.087665
-1 0.000977 1.233233 -1.797521 -1.545369 0.281836 0.008825 0.271410
-1 0.000977 0.326476 0.230538 -0.765829 0.067675 0.026297 -0.601675
-1 0.000977 0.372569 0.538853 -0.371485 0.377962 0.809354 -0.275686
-1 0.000977 -0.876662 0.111804 -0.355358 -0.263681 -0.093099 0.574854
-1 0.000977 -0.425730 0.916019 -0.168636 -0.631583 0.033950 -0.689129
-1 0.000977 -0.369648 0.148574 0.413560 0.471868 -0.172045 -0.485665
-1 0.000977 -0.987643 0.111990 -0.712027 0.096336 0.073156 -0.459701
-1 0.000977 -0.580316 0.957589 0.248147 -0.274411 0.127981 -0.186128
-1 0.000977 0.697730 -0.565357 1.009432 -0.122282 -0.339623 0.357961
-1 0.000977 -0.709165 -0.325349 0.413704 -0.441068 0.058916 0.057204
-1 0.000977 -0.818539 -0.433160 -1.428502 -0.597870 -0.383400 -0.421130
-1 0.000977 1.734145 -0.573727 1.443121 -0.265825 -0.105947 0.383732
-1 0.000977 0.126528 0.650195 0.419050 0.176582 -0.265015 -0.129303
-1 0.000977 -1.069409 0.375626 -1.227360 -0.157658 0.039634 -0.037433
-1 0.000977 -0.022947 0.702274 0.771578 0.058472 -0.016131 0.045373
-1 0.000977 1.345706 0.553376 0.194611 -0.414706 0.012512 -0.022025
-1 0.000977 0.467585 -0.204786 -0.249708 0.536300 0.493449 0.031441
-1 0.000977 -0.733265 -0.932560 0.666985 -0.347815 0.141923 0.391909
-1 0.000977 -0.589328 0.505042 0.174628 -0.342189 0.321735 -0.362724
-1 0.000977 0.351943 -0.248474 -0.739537 0.036362 -0.110880 -0.392377
-1 0.000977 1.427413 -2.328059 -1.421569 0.245760 -0.371254 -0.012944
-1 0.000977 1.975044 0.422191 1.270742 0.281672 0.283353 0.320864
-1 0.000977 0.060724 -0.098548 -0.377212 0.283433 -0.122544 0.588637
-1 0.000977 -0.330189 -0.064922 -0.393720 0.070703 -0.014640 0.083265
-1 0.000977 0.369308 -0.822571 0.320896 0.055381 -0.232662 -0.214649
-1 0.000977 -0.102897 -0.185045 0.237213 0.626814 0.186308 -0.025465
-1 0.000977 -1.190903 0.267751 -0.045183 -0.093351 -0.561586 0.056184
-1 0.000977 0.620487 -0.008306 0.650366 0.544180 -0.003216 -0.104830
-1 0.000977 -0.639234 0.148904 -0.741513 -0.303449 0.516567 -0.493215
-1 0.000977 0.127942 -0.830075 1.407570 0.265249 -0.144840 0.758515
-1 0.000977 -0.180325 -0.525549 1.098104 -0.384896 0.473499 0.029433
-1 0.000977 0.168231 0.543565 -0.091278 0.312539 0.157123 -0.033535
-1 0.000977 -0.140160 -0.735405 0.064295 -0.155128 -0.468448 0.283782
-1 0.000977 -0.497436 -0.343902 0.911706 0.435645 0.211572 -0.421630
-1 0.000977 -1.336554 1.153472 0.052903 -0.324476 -0.264571 -0.185081
-1 0.000977 -0.732416 0.223500 0.395570 -0.845563 0.143013 0.382253
-1 0.000977 -0.813937 0.148591 -0.830829 -0.155912 0.329518 0.030365
-1 0.000977 -0.307644 0.240542 -0.664379 -0.020261 -0.177884 -0.353057
-1 0.000977 -0.084203 -0.050662 -0.369585 0.218788 0.282776 -0.298531
-1 0.000977 -0.279926 -0.305207 0.086352 -0.271869 -0.583973 0.054701
-1 0.000977 1.029034 0.546867 -0.415132 0.407908 0.046028 -0.134965
-1 0.000977 -0.289606 0.606753 -0.162990 -0.014057 -0.057849 0.353468
-1 0.000977 0.983878 -0.449830 0.912126 0.483732 0.015315 0.443801
-1 0.000977 1.875264 0.806587 1.405512 0.467514 0.098063 -0.326534
-1 0.000977 2.217032 -0.143518 1.324465 0.219555 -0.392714 0.291802
-1 0.000977 -0.415962 -0.887510 -1.088249 -0.155361 -0.130748 0.890361
-1 0.000977 0.015350 -1.129810 -0.700649 0.219236 -0.417506 0.167894
-1 0.000977 0.208588 0.257034 -0.311389 0.017295 0.258201 0.044431
-1 0.000977 0.196914 -0.167021 -0.691576 0.088339 0.305284 -0.012184
-1 0.000977 -0.398110 1.280666 0.496378 0.358028 0.286255 0.624339
-1 0.000977 0.714101 0.028752 0.912909 0.641330 -0.050131 0.314350
-1 0.000977 -1.567130 0.705216 -0.273459 0.198823 -0.452105 0.377008
-1 0.000977 -0.035534 -0.084986 -0.388769 -0.001501 0.104872 0.016002
-1 0.000977 0.313861 0.148025 0.034130 0.316263 0.082783 0.315726
-1 0.000977 0.573156 -0.042635 -0.092857 0.221182 -0.225573 -0.464577
-1 0.000977 -0.182363 -0.314314 0.119932 -0.185411 0.070762 0.201395
-1 0.000977 0.664374 -0.401571 -0.264631 0.158109 -0.262532 0.334251
-1 0.000977 -0.324446 -0.263434 0.236013 -0.502408 -0.151634 0.733097
-1 0.000977 -0.070741 -0.261105 -0.253711 1.194851 -0.181362 -0.229353
-1 0.000977 0.514991 -0.470453 -0.332487 -0.420473 0.181144 0.020129
-1 0.000977 0.623853 0.367241 0.448693 0.032728 -0.012055 -0.461122
-1 0.000977 -0.237453 -0.270275 -0.086759 0.266961 -0.391091 0.472231
-1 0.000977 1.139696 0.453405 -0.331374 0.401955 0.066361 -0.353776
-1 0.000977 0.974512 -0.844081 0.130185 0.623943 -0.615112 0.390995
-1 0.000977 0.061800 -0.471454 -0.271623 -0.130841 -0.545819 -0.269995
-1 0.000977 -0.328543 -0.667332 -0.867192 -0.307272 -0.389424 -0.485672
-1 0.000977 -1.732601 1.069072 -0.268884 -0.022536 0.113747 -0.311400
-1 0.000977 0.342544 -0.548040 -0.102955 0.126411 -0.470636 -0.096997
-1 0.000977 0.062920 0.249216 -0.045751 -0.111291 -0.094351 0.145135
-1 0.000977 0.534606 -0.586206 0.366796 0.450933 -0.192135 0.041017
-1 0.000977 0.638747 -0.459584 0.570101 0.097362 -0.133767 0.508336
-1 0.000977 -0.093913 0.138393 0.186233 -0.599147 -0.571278 0.102957
-1 0.000977 0.570885 0.090847 -0.081836 0.469739 -0.112908 0.535538
-1 0.000977 0.411055 0.093866 0.433424 0.076835 -0.217275 -0.823196
-1 0.000977 0.065660 -0.270078 -0.114395 0.419348 -0.474965 -0.121647
-1 0.000977 -3.535910 4.062507 -10.202794 -0.081610 -0.014116 0.037789
-1 0.000977 1.072333 -0.402248 0.792336 -0.022055 -0.156280 -0.591652
-1 0.000977 0.821091 -0.165073 -0.963793 0.792306 -0.549076 -0.549876
-1 0.000977 1.831431 -0.341305 0.131229 0.121366 -0.446808 0.221887
-1 0.000977 -0.269106 0.611671 -0.556389 0.077624 -0.336036 -0.535249
-1 0.000977 -1.144272 1.365279 -0.700154 -0.415134 0.322707 -0.092862
-1 0.000977 -3.359326 0.257305 1.510147 0.104802 0.415565 -0.011970
-1 0.000977 2.542439 -0.049029 0.100059 0.544369 0.127981 0.088973
-1 0.000977 0.743900 0.475015 0.206675 -0.634859 -0.473147 -0.229395
-1 0.000977 0.371583 -1.571595 1.712640 0.064112 -0.369495 0.082094
-1 0.000977 0.534567 -0.079216 1.007341 0.566040 -0.139301 0.427404
-1 0.000977 0.739822 0.138861 -0.022286 0.090744 0.004811 -0.059429
-1 0.000977 0.716454 -0.018589 -0.212460 0.393880 -0.214661 -0.462295
-1 0.000977 0.084000 -0.107365 -0.181420 -0.368130 0.497066 -0.431245
-1 0.000977 -0.346526 0.380462 0.566854 0.740636 -0.133644 -0.046865
-1 0.000977 0.135364 0.042902 0.225064 0.438440 -0.620632 0.291869
-1 0.000977 -20.362979 -1.552779 -7.382460 -0.055259 0.070743 -0.166923
-1 0.000977 -0.082505 0.638567 -0.211737 0.166607 -0.106251 0.184986
-1 0.000977 0.849944 1.096526 -0.352984 0.469596 0.914161 0.176777
-1 0.000977 -0.925318 -0.839603 -0.202933 -0.910995 -0.783933 0.154637
-1 0.000977 0.427542 0.172769 -0.678896 -0.158503 0.006020 0.185704
-1 0.000977 -0.589026 -0.269693 -0.692927 0.087877 -0.508481 0.314261
-1 0.000977 -0.515338 0.655745 0.235032 -0.190228 0.302347 -0.237754
-1 0.000977 0.217473 -0.827884 -0.417159 0.029950 -0.295140 -0.160986
-1 0.000977 -0.948733 -0.515714 -0.851105 -0.254262 -0.367894 0.051783
-1 0.000977 0.892884 1.530329 0.298739 -0.163058 0.371374 0.369154
-1 0.000977 0.174334 -0.594563 1.178704 -0.179811 -0.271870 1.117725
-1 0.000977 0.689130 0.086207 -1.665184 0.492913 0.142771 0.019483
-1 0.000977 -0.132381 0.025523 1.026491 -0.479889 0.013594 0.685535
-1 0.000977 0.013025 0.953910 -0.558660 -0.443710 -0.259305 0.574165
-1 0.000977 0.179588 0.119710 -0.108764 -0.127506 -0.130714 -0.375746
-1 0.000977 0.165929 0.225051 -0.243856 0.316864 -0.339850 0.387131
-1 0.000977 0.704917 -1.942874 1.717434 0.074484 0.098415 0.300526
-1 0.000977 -0.364678 0.629099 -0.491613 -0.953156 0.298846 -0.105112
-1 0.000977 -1.311665 -0.543280 0.166498 -0.670924 -0.100619 0.217303
-1 0.000977 0.391635 -0.180262 0.783364 -0.376222 0.673126 -0.085049
-1 0.000977 0.478009 -0.013106 0.820840 -0.240323 0.252457 -0.043991
-1 0.000977 -0.316787 0.375040 0.240005 -0.047966 0.220324 0.376209
-1 0.000977 0.107547 -0.038035 1.060838 0.280284 -0.402635 -0.150191
-1 0.000977 0.313289 -0.276653 1.901250 0.089988 -0.094126 0.019081
-1 0.000977 -0.582242 -0.367753 0.554471 -0.489228 -0.457321 0.101975
-1 0.000977 -0.234471 0.089349 -0.402965 -0.010711 -0.006441 -0.152600
-1 0.000977 0.134617 0.393035 0.372874 0.594281 0.448625 -0.573500
-1 0.000977 0.706053 -0.966482 -0.262636 0.245416 -0.435339 -0.437279
-1 0.000977 -0.008924 -0.273715 -0.075557 0.846923 -0.165021 -0.346293
-1 0.000977 0.695559 0.592695 0.525841 -0.297706 -0.022867 0.744974
-1 0.000977 0.401820 -0.449787 0.055254 0.256577 0.276896 -0.411653
-1 0.000977 0.732329 -0.489969 -0.946036 0.542441 -0.572970 -0.256099
-1 0.000977 0.189045 -0.185971 0.294057 -0.528240 0.012960 -0.084914
-1 0.000977 0.620800 0.367798 -0.655483 0.029912 0.410060 -0.055116
-1 0.000977 -0.178484 -0.081886 0.037036 -0.638048 -0.676671 0.127999
-1 0.000977 -0.646140 0.255602 0.815103 -0.770605 -0.096282 0.398148
-1 0.000977 -0.450409 -0.042658 0.324255 -0.362758 -0.105672 -0.673356
-1 0.000977 0.140910 -0.461172 -0.335879 -0.679369 0.425482 -0.206897
-1 0.000977 1.164091 0.407332 0.484062 0.419008 0.482612 -0.086129
-1 0.000977 -0.221447 -0.651784 -0.394335 0.095075 -0.503537 0.157081
-1 0.000977 1.137659 1.314630 -2.820471 -0.047595 0.173153 -0.110782
-1 0.000977 0.160773 1.128739 -0.339401 0.408119 0.346531 0.026504
-1 0.000977 -0.429827 0.739751 0.344033 0.274100 0.277948 0.084170
-1 0.000977 0.103885 -0.488188 0.941397 0.017507 -0.277545 0.222620
-1 0.000977 0.401308 -0.982448 2.040640 -0.047765 0.126066 0.367307
-1 0.000977 1.079977 -0.392294 -0.140891 0.161399 -0.337536 -0.139307
-1 0.000977 0.428963 -0.210763 -0.642403 -0.840121 -0.082206 -0.412689
-1 0.000977 -4.565296 -1.485526 -0.705072 0.092818 -0.012134 -0.003586
-1 0.000977 0.279773 -0.385812 -0.495395 -0.031700 -0.277811 -0.312601
-1 0.000977 0.450362 1.146378 0.000356 -0.098852 0.825783 -0.102343
-1 0.000977 0.949945 -1.024390 -0.118902 0.315428 -0.520065 -0.482835
-1 0.000977 0.231730 1.622592 0.571107 -0.013442 0.613380 0.175687
-1 0.000977 -0.188259 0.073455 -2.589468 0.110818 -0.068889 0.364822
-1 0.000977 -2.671982 0.498111 -1.077290 -0.024840 -0.100092 0.203114
-1 0.000977 0.544743 0.367517 0.110936 -0.045105 -0.650534 0.340435
-1 0.000977 -0.588596 0.079154 -0.246432 0.011864 -0.302793 0.735673
-1 0.000977 -0.767922 -0.388413 0.227889 0.046005 -0.099689 0.259274
-1 0.000977 0.032713 -0.640582 -0.141816 0.060085 -0.472201 0.053600
-1 0.000977 3.267743 1.641928 0.081689 0.294523 -0.237954 0.064139
-1 0.000977 -0.164634 -0.211236 0.158955 -0.417470 0.154960 0.262368
-1 0.000977 0.427160 1.469242 0.860450 -0.503318 -0.008450 -0.072777
-1 0.000977 0.081036 -0.061226 0.560429 -0.543800 -0.227205 -0.039383
-1 0.000977 0.399003 -1.329616 -0.993121 0.102158 0.622625 -0.104795
-1 0.000977 -2.022214 1.121267 0.269869 -0.113969 0.188479 0.341966
-1 0.000977 -0.332062 0.239835 0.042665 0.385294 0.137322 0.369973
-1 0.000977 -0.795126 -1.725062 1.449393 -0.103924 0.181136 0.569416
-1 0.000977 0.302995 -1.210444 0.191377 -0.207738 -1.045044 0.488953
-1 0.000977 -1.057193 0.105689 0.352697 -0.933451 -0.076004 0.286370
-1 0.000977 0.336454 -0.703683 -1.369569 0.008391 -0.023261 -0.285161
-1 0.000977 -0.632206 -0.100990 0.195188 -0.604590 0.477737 -0.122847
-1 0.000977 -0.140470 1.171840 -0.242641 0.258224 0.405136 0.030479
-1 0.000977 -0.633906 -0.453166 -0.101432 -0.621716 -0.266025 -0.706541
-1 0.000977 0.801063 -0.301512 0.360944 -0.061218 0.468418 0.124447
-1 0.000977 0.769981 0.454423 0.391430 0.184952 0.408042 0.075981
-1 0.000977 -0.244811 -0.828434 -0.107904 0.395450 -0.156092 -0.425186
-1 0.000977 5.908300 -1.899177 0.342326 -0.001903 0.130771 -0.116851
-1 0.000977 0.106913 0.849387 0.461556 0.097679 -0.012215 0.342242
-1 0.000977 0.378419 -0.409253 -0.541423 -0.051073 -0.148612 -0.417642
-1 0.000977 -0.343184 -0.671943 -0.481744 -0.101590 -0.128676 -0.507343
-1 0.000977 -0.062040 -0.717244 0.606702 0.414969 0.019662 0.169689
-1 0.000977 0.215219 0.832326 -0.384405 -0.260593 -0.342539 -0.231058
-1 0.000977 -0.271801 -0.984331 0.448415 -0.229201 -0.416249 0.028682
-1 0.000977 -1.251162 -0.927059 0.172049 -0.137687 -0.311943 0.228274
-1 0.000977 0.150952 -0.525514 0.544898 0.327688 0.035724 0.751700
-1 0.000977 -0.058965 0.121543 0.774930 -0.486541 0.363501 0.553422
-1 0.000977 -0.509453 0.102562 -0.088954 0.050147 -0.217123 0.485510
-1 0.000977 -0.700272 -0.231096 -0.199275 -0.215506 0.356409 -0.192792
-1 0.000977 0.201657 1.048343 1.137780 0.417610 0.048016 0.243078
-1 0.000977 -0.077002 -0.261305 -0.168376 -0.281671 0.291131 0.093193
-1 0.000977 0.215328 -0.277325 -0.449837 -0.407899 -0.268438 0.192220
-1 0.000977 -0.084594 -0.123504 0.109606 -0.732487 0.231478 -0.454647
-1 0.000977 0.547854 0.152098 0.832545 -0.071117 0.534100 0.065520
-1 0.000977 -0.426014 0.616569 0.256147 -0.441028 0.253386 -0.075912
-1 0.000977 -0.434697 -0.154151 -0.286485 -0.470832 -0.219959 0.213596
-1 0.000977 0.909978 1.047233 -0.384508 0.075058 0.143149 0.561203
-1 0.000977 -0.109892 -0.491134 0.284865 -0.010073 -0.268046 0.659746
-1 0.000977 -0.597392 0.131191 -1.695399 -0.457758 -0.072727 0.005147
-1 0.000977 0.500899 -1.121545 -0.385114 -0.158033 -0.353245 0.610906
-1 0.000977 0.642947 -0.889014 -0.717948 0.408680 -0.311265 0.173954
-1 0.000977 -0.667996 -2.257308 1.901452 -0.183729 0.299833 -0.169479
-1 0.000977 -0.376421 0.741913 0.709935 0.077043 0.772653 0.027388
-1 0.000977 0.386508 0.338788 0.244302 0.266321 -0.157988 0.109210
-1 0.000977 -0.236512 0.113705 -0.989836 0.486765 -0.052407 0.721855
-1 0.000977 0.713566 0.664563 -0.159285 0.386021 -0.141239 -0.466154
-1 0.000977 0.486539 0.377459 1.327814 0.042633 0.051638 -0.078795
-1 0.000977 6.122225 1.012106 3.050183 -0.219364 -0.061369 0.096001
-1 0.000977 0.264840 -0.379656 -0.346025 0.337420 -0.803629 -0.933512
-1 0.000977 -2.135099 4.871491 -1.893827 0.190779 0.177397 -0.275584
-1 0.000977 -0.346775 -0.173233 -0.220956 0.346160 0.166719 0.110369
-1 0.000977 0.622808 -0.536417 -0.349191 0.579074 0.142214 -0.532197
-1 0.000977 0.102766 -0.401706 0.134547 -0.180082 0.344342 -0.115394
-1 0.000977 -0.075392 0.238833 0.490177 0.449667 0.042132 0.411496
-1 0.000977 -0.064596 -0.163415 -0.218793 0.416843 -0.095790 -0.016948
-1 0.000977 -0.076251 -0.372430 -0.746207 -0.413456 -0.193506 -0.696125
-1 0.000977 -1.051153 -0.421192 0.223597 -0.830303 0.034543 0.084399
-1 0.000977 0.118484 -0.493047 -0.196054 0.525304 -0.630650 -0.354690
-1 0.000977 -0.890726 -0.006656 1.053114 -0.867127 0.363561 0.052982
-1 0.000977 -0.582480 -1.323144 0.313936 0.040120 -0.058460 -0.232712
-1 0.000977 -0.021789 0.486647 -0.109725 0.141340 0.259096 0.466101
-1 0.000977 0.539284 0.669743 0.045337 0.011919 0.179681 0.155321
-1 0.000977 0.120737 -0.817328 -0.124429 -0.100222 -0.587020 -0.297787
-1 0.000977 -0.863727 -0.166235 0.143108 0.051308 -0.658618 -0.102485
-1 0.000977 -0.174111 1.916980 -2.295543 -0.087947 0.287726 -0.269224
-1 0.000977 0.577116 -0.252728 -0.500683 -0.219863 -0.038963 -0.040185
-1 0.000977 1.563781 -0.533472 -0.632250 0.124165 -0.337695 -0.000738
-1 0.000977 -0.769202 -1.145407 -0.209120 0.015711 -0.589543 -0.274452
-1 0.000977 -0.234588 -0.171423 -0.061276 -0.308148 0.276211 -0.019004
-1 0.000977 0.120041 0.798321 -0.102834 -0.195109 0.082726 0.410865
-1 0.000977 0.188680 -0.134054 -0.276738 0.347517 0.554102 0.327095
-1 0.000977 -0.052536 0.052003 0.277580 -0.178818 -0.563566 0.188483
-1 0.000977 0.672021 -0.023036 0.159922 0.428599 -0.328700 0.262391
-1 0.000977 -2.007936 -0.939860 0.474856 0.097210 -0.100113 0.417147
-1 0.000977 0.314459 -1.022557 0.313690 -0.227804 -0.139814 -0.106858
-1 0.000977 -1.631425 0.992331 1.616057 0.185861 0.132676 0.477548
-1 0.000977 -0.051019 -0.062754 0.480540 -0.251333 -0.243588 0.585294
-1 0.000977 0.364769 -1.338096 0.314215 -0.254764 -0.356934 0.351200
-1 0.000977 -0.687014 1.595841 0.681869 -0.278335 0.610504 0.247447
-1 0.000977 -0.568807 0.873383 0.665275 0.486385 -0.304345 0.490002
-1 0.000977 0.085814 -0.025549 1.986552 -0.152595 0.122156 -0.064846
-1 0.000977 -0.599930 0.244029 -0.141182 0.150715 0.158800 0.537521
-1 0.000977 0.653321 0.510843 -0.809785 -0.308187 0.165141 0.511974
-1 0.000977 0.213264 -1.059688 0.491999 0.229546 -0.808774 0.170886
-1 0.000977 0.504549 0.388772 0.425507 0.232578 0.037902 0.419026
-1 0.000977 -0.459087 -0.190552 0.006409 0.559540 -0.671108 -0.071306
-1 0.000977 -0.545297 -0.053032 0.006765 -0.770059 -0.109250 -0.516613
-1 0.000977 0.747097 0.894825 0.453091 0.764177 0.667488 0.557414
-1 0.000977 -0.416734 0.128857 -0.199212 -0.710510 -0.024679 -0.664652
-1 0.000977 2.643343 0.382104 1.025716 0.335917 -0.140643 0.095915
-1 0.000977 -0.206763 -0.900102 -1.433311 0.243982 -0.207942 -0.361392
-1 0.000977 0.139359 0.891337 2.167980 -0.014185 -0.194338 0.296012
-1 0.000977 0.988044 0.420051 -0.286154 -0.327147 0.450240 -0.447358
-1 0.000977 0.567585 -0.032636 0.125611 0.014133 0.492867 -0.245694
-1 0.000977 -0.941161 -0.769883 -1.475332 -0.047261 -0.230696 -0.433881
-1 0.000977 -0.335225 -0.112558 -0.189331 0.586078 -0.092422 -0.485689
-1 0.000977 1.055714 -0.651862 -0.722285 -0.312265 -0.228997 -0.143844
-1 0.000977 -0.224016 -1.321152 -0.100099 -0.352184 -0.019932 0.169839
-1 0.000977 0.168643 0.401707 0.261622 -0.083300 0.503182 0.036355
-1 0.000977 -0.875423 -0.073443 -0.070593 -0.392850 -0.407357 0.105660
-1 0.000977 -0.348418 -1.059202 0.109790 -0.011496 -0.234905 -0.460071
-1 0.000977 -0.691872 -0.533090 0.704004 0.110183 -0.208350 0.285184
-1 0.000977 0.840060 -0.201582 -0.191330 -0.468909 0.027797 -0.831328
-1 0.000977 -0.063566 0.753729 1.770569 -0.040759 0.153952 0.169123
-1 0.000977 -0.059376 -0.636340 0.208661 0.668929 0.321874 -0.336241
-1 0.000977 -0.032657 0.584494 -0.796807 0.111808 0.150346 -0.227700
-1 0.000977 -1.257767 0.949184 -3.627778 0.112265 -0.113932 -0.237417
-1 0.000977 0.481831 0.397111 -0.557839 0.649381 0.462597 -0.458226
-1 0.000977 0.890286 -0.454264 -0.465173 -0.140786 -0.340454 -0.713470
-1 0.000977 0.742085 -0.246534 -1.224742 0.460806 0.093862 -1.184434
-1 0.000977 -0.628100 -0.057115 -0.376290 -0.532259 0.245201 0.413094
-1 0.000977 0.888880 0.427534 -1.357563 0.177500 -0.464017 0.185996
-1 0.000977 -0.508758 0.526527 -0.258785 0.018407 0.323958 -0.620207
-1 0.000977 0.631400 -0.535654 0.327004 0.173396 -0.076771 0.595411
-1 0.000977 -0.501713 -1.198537 -1.496477 0.069208 -0.157269 0.293212
-1 0.000977 0.363736 -0.548210 -0.311161 0.471902 -0.329519 -0.433042
-1 0.000977 -0.720184 -0.589175 0.361008 -0.562549 -0.452331 0.213329
-1 0.000977 0.414467 -0.748683 0.568065 -0.477442 0.362909 0.665417
-1 0.000977 0.337576 -0.057865 -0.522935 -0.200520 -0.300105 0.194563
-1 0.000977 0.585513 0.998428 -0.202743 0.387067 -0.046982 -0.322724
-1 0.000977 -0.088472 1.769032 -0.800925 0.369820 0.286365 0.262879
-1 0.000977 -0.600038 -0.002153 0.452663 0.144276 0.270114 -0.295431
-1 0.000977 -0.114099 -0.972554 0.515789 0.042415 -0.134910 0.098920
-1 0.000977 0.482849 1.563349 -0.194323 0.457318 -0.167272 0.356619
-1 0.000977 -0.472227 0.618751 -1.092356 0.055848 0.444142 0.031144
-1 0.000977 0.474473 -1.103140 0.166627 -0.182532 -0.536289 0.634219
-1 0.000977 -0.884087 1.260831 -0.720307 -0.098623 0.364214 -0.244053
-1 0.000977 -0.558365 -0.355568 -0.125679 -0.385354 -0.672200 0.198007
-1 0.000977 0.299066 -0.447271 -0.644628 0.333781 0.452711 -0.188655
-1 0.000977 -0.515216 -0.789593 0.447459 -0.505334 0.185177 -0.534254
-1 0.000977 -0.388023 -0.342566 0.000036 0.191386 -0.194716 0.077350
-1 0.000977 -0.684519 0.149882 -0.194137 -0.171935 0.537161 0.521399
-1 0.000977 0.558721 -0.571406 0.230551 -0.208390 -0.170918 -0.278474
-1 0.000977 0.156943 -0.361726 -0.858536 0.271463 -0.234344 -0.278807
-1 0.000977 0.474078 -0.078450 1.588774 -0.225937 0.661890 -0.074767
-1 0.000977 1.172439 0.639463 -0.070340 -0.254644 -0.125719 0.013022
-1 0.000977 -0.213151 0.318927 -0.086883 -0.207423 0.796821 -0.354165
-1 0.000977 -0.104859 0.615029 0.931657 -0.526509 0.754839 0.145105
-1 0.000977 0.177469 -0.500864 -0.226838 -0.221935 -0.314569 0.233484
-1 0.000977 0.021107 0.409613 1.956326 -0.159471 0.123632 0.305665
-1 0.000977 -0.235980 -0.148098 0.541441 -0.255801 0.543256 0.562040
-1 0.000977 0.016816 0.477104 0.217811 -0.605485 0.306035 0.719640
-1 0.000977 1.121865 0.886396 0.887353 0.504407 -0.009947 0.047062
-1 0.000977 0.340876 -0.518962 -0.477919 -0.319471 0.302587 -0.296505
-1 0.000977 0.754217 -1.084178 3.829100 -0.062533 -0.108859 0.067794
-1 0.000977 -0.255566 0.342056 0.228534 -0.072730 0.965422 -0.051511
-1 0.000977 -4.004529 -1.729510 -1.321630 -0.120951 -0.133750 0.233872
-1 0.000977 -0.498817 -0.944612 -0.286531 -0.418889 0.070630 0.745395
-1 0.000977 0.366534 -0.917108 -0.247692 -0.060266 0.108771 0.073767
-1 0.000977 -2.007238 -1.913580 0.803235 -0.082380 0.412612 0.123671
-1 0.000977 0.765910 -0.733638 0.459630 0.504582 -0.441505 0.117280
-1 0.000977 -0.756690 -0.441395 -1.074020 -0.491808 -0.374282 0.054560
-1 0.000977 0.617043 -0.009157 -0.220630 -0.651147 -0.292434 -0.358577
-1 0.000977 -0.005378 0.363899 0.021242 0.028795 0.219089 0.419750
-1 0.000977 0.635811 0.769320 -0.034077 0.353965 0.769821 0.474528
-1 0.000977 1.091460 -0.888556 -0.235801 0.063707 -0.423119 -0.157555
-1 0.000977 0.952436 0.504851 -0.426348 -0.227975 -0.287198 -0.149168
-1 0.000977 -5.189319 8.430529 -0.623147 -0.013599 -0.168106 0.112267
-1 0.000977 -1.032566 -0.519432 0.222163 -0.374423 -0.922742 0.056652
-1 0.000977 0.897813 -3.375160 -2.349804 -0.076609 0.213953 0.145238
-1 0.000977 0.245825 -0.037655 0.509063 0.004053 0.241200 -0.154964
-1 0.000977 -0.855414 1.393752 4.888794 -0.101013 0.218213 -0.127050
-1 0.000977 -0.786986 1.827486 1.588615 -0.226504 0.091273 0.118923
-1 0.000977 0.228242 0.167621 -0.811003 0.026685 0.122990 0.097551
-1 0.000977 -1.358476 2.211523 0.932412 -0.018643 -0.261452 0.561899
-1 0.000977 -0.020599 1.292456 -0.477122 0.168540 -0.200734 -0.299574
-1 0.000977 1.435954 0.323277 -0.603701 -0.253095 0.243323 0.293189
-1 0.000977 -0.290058 0.205279 -0.440480 0.203875 0.551490 -0.741129
-1 0.000977 0.462790 -0.526077 1.133158 0.243385 0.360245 0.662492
-1 0.000977 -0.666508 -0.312234 -0.462908 -0.315884 0.315217 -0.267356
-1 0.000977 -0.196012 -0.937984 0.299467 -0.036001 -0.096531 -0.752366
-1 0.000977 0.615979 -0.516777 0.860298 0.003079 -0.377040 0.383156
-1 0.000977 0.192285 0.454899 0.595564 0.291097 -0.237638 0.249331
-1 0.000977 -1.297027 -1.169906 1.261151 -0.339294 0.033385 0.015612
-1 0.000977 1.112674 0.627629 0.331346 0.410884 0.520878 0.098438
-1 0.000977 0.423403 -0.656868 0.770235 0.442021 -0.927071 0.520956
-1 0.000977 -0.370279 -0.525960 -0.160638 -0.142095 -0.290601 -0.508169
-1 0.000977 0.112206 -0.332205 0.588120 -0.481771 -0.049183 -0.242618
-1 0.000977 0.577112 0.111717 0.427372 -0.002857 -0.940498 0.484262
-1 0.000977 0.051536 0.934612 -0.549839 -0.357309 0.115331 -0.056161
-1 0.000977 0.349427 -0.047618 0.186288 0.158524 -0.335458 -0.204545
-1 0.000977 -0.732365 -1.831332 1.875625 -0.403861 0.029589 0.028121
-1 0.000977 -0.356521 -0.303126 -0.324593 -0.373307 -0.213376 -0.020165
-1 0.000977 -0.573111 0.645372 0.639292 0.219139 0.903069 -0.217181
-1 0.000977 -1.431566 0.988503 -0.074083 -0.002265 0.359882 0.210061
-1 0.000977 -0.530491 0.559648 0.052544 0.665879 0.355821 -0.311272
-1 0.000977 -0.030533 0.508936 0.614624 -0.001474 0.520498 -0.451368
-1 0.000977 -1.267445 0.327265 1.086108 -0.282962 -0.167910 0.220241
-1 0.000977 0.237484 -0.229081 -0.932553 0.526810 -0.307514 0.314972
-1 0.000977 0.677825 -0.501121 -0.016915 0.271621 0.123355 0.234552
-1 0.000977 -0.396877 0.899532 -0.800857 0.071626 0.154356 -0.113072
-1 0.000977 0.777793 -0.679710 -0.288187 0.303646 -0.123395 -0.041911
-1 0.000977 -1.525110 -0.302938 -0.464655 -0.777242 0.418953 0.163484
-1 0.000977 -0.336325 -0.557388 -0.535275 -0.466932 -0.074761 -0.200197
-1 0.000977 0.818390 0.995033 -0.051802 0.102669 0.210771 -0.160834
-1 0.000977 0.899735 -0.732883 -0.741360 0.649420 -0.593552 -0.180470
-1 0.000977 0.995622 -0.583629 -0.868600 0.037511 -0.273760 -0.108315
-1 0.000977 0.738985 0.050665 -0.011815 -0.216432 0.015247 0.188115
-1 0.000977 0.577219 -0.233927 -0.823335 0.600932 -0.193562 0.384024
-1 0.000977 -0.380763 -0.049445 -0.211176 -0.527533 -0.297161 0.292934
-1 0.000977 -1.523837 -1.060819 0.313025 0.367080 -0.227325 -0.123494
-1 0.000977 -0.473710 -0.217285 -0.078033 -0.455485 0.522904 0.395772
-1 0.000977 -0.537792 -0.486369 1.253616 -0.126630 -0.208338 0.744951
-1 0.000977 0.819623 -0.311516 -1.558024 0.249344 -0.444048 -0.175960
-1 0.000977 -1.364657 -0.754273 0.238017 -1.115636 -0.298127 0.157452
-1 0.000977 -0.231464 0.538437 -0.289951 -0.024772 0.423828 -0.251029
-1 0.000977 -0.164495 1.142030 -0.300129 -0.074777 0.379988 -0.430044
-1 0.000977 0.666696 -0.021345 4.313618 0.219819 0.109329 -0.120873
-1 0.000977 0.078423 -1.229672 0.423265 0.212998 -0.128238 -0.574750
-1 0.000977 0.026797 -1.454213 -0.366761 -0.108826 -1.047016 -0.177750
-1 0.000977 -0.271267 0.339884 0.217875 0.187849 -0.426550 -0.101978
-1 0.000977 0.438276 -0.600526 0.933638 0.644983 -0.462220 1.126879
-1 0.000977 0.697075 -0.050007 -0.653408 0.549713 -0.432445 -0.445996
-1 0.000977 -0.269677 -0.993563 -0.934892 -0.008511 -0.610805 0.308053
-1 0.000977 1.390381 -0.348373 -0.963602 0.702099 0.525881 0.268802
-1 0.000977 -0.100064 0.243307 -0.322631 -0.407871 -0.052764 -0.075802
-1 0.000977 -0.114505 0.649263 0.131275 -0.341248 0.226530 -0.408937
-1 0.000977 0.996588 0.150194 0.901632 0.079316 -0.569247 0.338839
-1 0.000977 0.502989 0.249561 0.307666 0.655642 -0.323409 0.238786
-1 0.000977 0.644198 0.026736 0.416513 -0.056614 -0.015284 0.674143
-1 0.000977 0.717170 -0.009642 -0.125140 0.472341 -0.439253 -0.714909
-1 0.000977 0.037571 -0.374314 0.350952 -0.288540 -0.588080 0.159555
-1 0.000977 -0.004730 -0.213420 -0.264128 -0.333177 -0.033116 0.120726
-1 0.000977 -0.758706 0.883673 1.309888 0.121025 0.278659 0.053832
-1 0.000977 1.186683 1.407054 -0.377040 0.010319 0.291279 -0.368473
-1 0.000977 2.544427 0.348808 1.278711 0.271464 -0.240776 -0.079645
-1 0.000977 -0.463934 0.270765 -0.610537 -0.611102 0.254707 -0.762413
-1 0.000977 1.708708 2.297532 -0.051976 0.437569 -0.004048 -0.144957
-1 0.000977 0.907089 -1.884995 -1.457117 0.138080 -0.179159 0.016862
-1 0.000977 0.766432 0.063123 -2.446099 -0.201800 0.013399 -0.337955
-1 0.000977 -0.839638 0.094823 0.095517 -0.847214 0.057837 0.155162
-1 0.000977 0.187842 -0.016120 -0.470351 -0.107013 -0.376817 -0.299027
-1 0.000977 0.273313 -0.153366 -1.416004 0.248629 -0.088542 -0.058259
-1 0.000977 0.379556 0.897381 -0.899203 -0.510279 -0.400563 -0.219157
-1 0.000977 0.809936 -0.629570 0.053026 0.576490 -0.565095 0.228117
-1 0.000977 -0.945202 -0.655330 -0.054545 -0.595437 -0.029962 -0.033690
-1 0.000977 -0.857797 -0.151022 0.845518 0.188978 -0.067595 0.124439
-1 0.000977 1.119365 -0.183900 0.034160 0.826793 0.058095 0.139166
-1 0.000977 -0.206001 -0.367797 0.253950 -0.114827 -0.074228 -0.116179
-1 0.000977 -0.584564 -0.595828 0.029791 -0.185750 -0.536926 -0.207529
-1 0.000977 -0.767899 -1.090898 -0.540882 -0.375586 -0.074487 -0.000387
-1 0.000977 0.573169 0.067343 -1.055025 0.311235 -0.103462 -0.576225
-1 0.000977 0.401504 0.984557 0.735827 -0.540175 0.686103 -0.155855
-1 0.000977 1.118947 -2.312254 2.860620 0.056548 0.310124 0.119921
-1 0.000977 -0.430939 1.639503 1.668015 -0.181693 -0.181888 -0.410432
-1 0.000977 0.022326 0.194557 -0.203997 -0.026583 -0.114417 -0.194797
-1 0.000977 -0.309534 -1.007219 -0.399304 -0.117225 0.006081 -0.318146
-1 0.000977 -0.479768 -0.009837 0.318767 -0.476694 0.009478 0.309586
-1 0.000977 -0.525379 0.127178 0.127295 0.468524 0.504553 0.081590
-1 0.000977 -0.665196 -0.159086 -1.294452 -0.425568 0.250174 -0.086623
-1 0.000977 -0.344563 0.762211 -0.571301 0.078272 0.426210 0.008378
-1 0.000977 0.061318 0.169481 0.009768 0.514464 0.351235 0.286191
-1 0.000977 1.035590 -0.846291 1.526389 -0.435933 0.565279 0.087613
-1 0.000977 -0.828159 0.017674 0.031231 -0.804030 0.287698 0.367504
-1 0.000977 0.473621 -0.178398 0.070765 0.908099 0.515221 -0.256710
-1 0.000977 -0.098859 -0.879606 0.051335 -0.032013 -0.519387 -0.046689
-1 0.000977 -0.374265 -1.916741 0.815943 -0.097026 -0.251563 0.289663
-1 0.000977 0.695292 -0.395737 3.693969 -0.159084 0.066150 0.146908
-1 0.000977 0.924435 -0.593019 -0.371575 0.370832 -0.883067 -0.494484
-1 0.000977 0.046523 1.161604 -0.206463 0.276587 0.376462 0.017307
-1 0.000977 -0.736937 -0.470281 -0.256687 -0.128908 -0.438980 0.209568
-1 0.000977 -0.583673 -0.322435 -0.268377 -0.491067 0.705939 -0.300617
-1 0.000977 -0.265862 0.073189 -0.569297 -0.468758 0.430632 -0.243053
-1 0.000977 -0.419727 0.155798 0.528769 -0.495972 0.029026 0.289062
-1 0.000977 -0.558809 -0.517155 0.419654 0.315517 0.362927 -0.296057
-1 0.000977 0.455578 -0.139542 -0.603365 -0.054703 -0.452484 -0.476729
-1 0.000977 0.981913 0.827369 0.774199 0.009038 -0.404078 -0.221214
-1 0.000977 -0.133947 -0.213581 -1.278942 0.249437 0.119594 -0.223364
-1 0.000977 0.394421 -0.162521 0.576963 -0.323001 0.012415 -0.141683
-1 0.000977 0.302897 0.981789 -0.316857 0.315977 0.846111 -0.488796
-1 0.000977 -0.046350 0.575576 -0.563597 -0.000328 0.745297 -0.140219
-1 0.000977 1.231784 0.290518 -0.515829 1.159421 0.565708 -0.222734
-1 0.000977 -1.527628 2.266375 2.000452 -0.322029 0.104154 0.012397
-1 0.000977 0.218738 -1.185557 3.106647 -0.035159 -0.021778 -0.054521
-1 0.000977 -0.375239 -0.775931 0.080991 -0.554810 -0.264941 0.184990
-1 0.000977 -1.664334 -0.228719 -0.127295 -1.045612 0.091214 0.181612
-1 0.000977 0.199133 -0.440930 -0.399339 0.035244 -0.507160 -0.323573
-1 0.000977 0.523866 -0.027856 -0.401729 0.297709 -0.757057 -0.209984
-1 0.000977 3.903321 0.564027 0.824510 -0.020128 -0.228004 -0.082374
-1 0.000977 0.001491 -0.161085 0.031628 -0.092198 0.569201 -0.231539
-1 0.000977 -0.497960 0.801632 0.121381 -0.316033 1.141549 0.228613
-1 0.000977 -2.234896 -0.650725 -1.654277 0.163493 0.302771 -0.022577
-1 0.000977 0.583026 -0.223045 -0.327338 0.329325 -0.245444 0.101608
-1 0.000977 0.749311 -0.247998 -0.766465 0.128096 0.540203 -0.133671
-1 0.000977 0.986074 -0.169655 1.154984 0.449260 0.056437 0.769468
-1 0.000977 0.717219 -0.113348 -0.138335 0.732381 -0.094646 0.351541
-1 0.000977 -0.354923 0.383408 -0.125590 -0.253811 0.423703 0.155175
-1 0.000977 0.301287 1.793113 -3.063105 -0.046473 0.091980 -0.199837
-1 0.000977 -1.186850 0.416924 -2.456475 0.160260 -0.206378 -0.068339
-1 0.000977 1.047067 0.629191 1.382569 0.310313 0.475081 -0.392501
-1 0.000977 -0.089300 0.114063 0.272919 0.582230 0.431843 0.383848
-1 0.000977 0.125402 -0.452466 1.637581 0.046925 -0.224232 0.330363
-1 0.000977 -0.484428 -0.476823 -0.190189 -0.781877 -0.330317 0.246549
-1 0.000977 -0.334795 0.561528 -0.686794 -0.132869 0.714193 -0.688741
-1 0.000977 0.937549 -0.635245 -0.017623 0.356704 -0.864674 0.308114
-1 0.000977 -0.396258 -1.320116 5.466730 -0.051914 0.111563 -0.108494
-1 0.000977 -0.433577 2.126408 -0.251734 0.047998 0.035004 0.185696
-1 0.000977 -0.449341 -0.557447 0.276336 -0.003970 -0.015401 0.550810
-1 0.000977 -0.000399 0.199142 -0.175550 -0.017305 0.117535 -0.068541
-1 0.000977 0.308184 1.243270 0.271143 -0.337303 0.331629 0.295021
-1 0.000977 0.862932 0.457311 -0.847139 0.447123 0.311597 0.123431
-1 0.000977 -0.643360 -0.317821 -0.365164 -0.140021 -0.218572 -0.205268
-1 0.000977 -0.214044 -0.399072 -0.829298 0.049699 -0.045803 -0.462255
-1 0.000977 0.431711 -0.027221 -1.471809 -0.042663 -0.287586 -0.143860
-1 0.000977 0.060281 1.360898 1.607085 -0.210544 0.236667 0.216478
-1 0.000977 -1.342570 0.255064 -0.181534 0.235035 0.252637 -0.508925
-1 0.000977 0.361942 -1.146801 0.153839 0.472596 0.215149 0.341030
-1 0.000977 -0.387526 -0.271299 0.782379 -0.866541 -0.030973 0.252910
-1 0.000977 0.331267 -0.230753 0.068275 0.373149 -0.304955 -0.386112
-1 0.000977 1.878784 -1.548076 1.372144 0.012233 -0.562599 0.038585
-1 0.000977 -0.227154 -0.570075 0.468635 -0.535499 -0.202263 0.731206
-1 0.000977 -0.747535 -0.869314 0.445243 0.219093 -0.083923 0.304281
-1 0.000977 -0.860798 -0.974896 1.644271 0.005292 -0.531806 0.577295
-1 0.000977 0.423189 -1.024397 -0.244178 0.103732 -1.027159 0.143595
-1 0.000977 0.564224 0.272913 0.790835 0.380119 0.401400 0.620210
-1 0.000977 -0.193010 0.854092 -0.063820 0.434110 -0.088317 0.010799
-1 0.000977 -0.194865 -0.237815 0.606604 0.262307 -0.329997 0.261377
-1 0.000977 -1.086296 -0.939353 0.207217 -0.027026 -0.383056 0.296390
-1 0.000977 0.434555 -1.147222 -0.991977 -0.007480 -0.069761 0.355399
-1 0.000977 -0.096701 -0.188112 -0.718566 -0.203943 -0.017541 -0.872923
-1 0.000977 -0.859513 0.198177 -1.026564 -0.328669 -0.625002 -0.489789
-1 0.000977 0.125934 0.500757 -0.012453 0.025049 0.410231 -0.180424
-1 0.000977 0.533641 -0.615624 -0.617317 0.119264 -0.203113 -0.006536
-1 0.000977 0.078672 -0.478082 0.397145 0.429189 -0.633230 0.316563
-1 0.000977 -1.015980 0.481998 0.476238 -0.374737 0.340679 0.039957
-1 0.000977 1.439497 -0.438141 0.236339 0.712144 -0.392984 0.587715
-1 0.000977 0.346612 -0.070200 -0.489468 0.435472 0.898750 -0.236552
-1 0.000977 -1.660517 0.210073 -0.263169 -0.960229 -0.088245 -0.336323
-1 0.000977 1.031707 0.404263 0.263323 -0.129325 -0.169835 0.025742
-1 0.000977 1.195383 1.199763 0.036567 0.356292 -0.065472 0.065607
-1 0.000977 -0.399745 0.904967 0.803592 0.272996 0.483039 0.299422
-1 0.000977 -1.137566 1.761347 0.244185 -0.328999 0.377598 0.297829
-1 0.000977 0.235567 -0.322309 0.335808 -0.186664 -0.234019 0.143197
-1 0.000977 -2.273350 -0.039571 0.316839 -0.373342 -0.090783 -0.205402
-1 0.000977 0.641044 0.892204 0.197581 0.499117 1.040436 0.434860
-1 0.000977 0.561218 0.090370 -0.434704 -0.278132 0.437121 -0.510023
-1 0.000977 0.445886 -0.125839 -0.176389 0.439320 -0.096184 -0.427472
-1 0.000977 -1.764428 1.183526 1.100575 -0.077485 0.017568 -0.052433
-1 0.000977 -0.002195 -0.864693 -0.351751 0.394100 -0.146707 -0.564613
-1 0.000977 0.315275 0.707856 -0.066023 0.205283 0.061803 -0.032252
-1 0.000977 -0.937878 0.141205 0.539251 0.317433 -0.259220 -0.099933
-1 0.000977 0.479343 1.266866 0.376395 -0.012280 -0.071918 0.693994
-1 0.000977 -0.806563 -0.239507 -0.099099 -0.902635 -0.079183 -0.266504
-1 0.000977 0.928300 -1.636009 -0.098937 0.112672 -0.266259 -0.028225
-1 0.000977 0.697361 0.303911 0.674991 0.147642 0.188799 0.610659
-1 0.000977 0.276426 0.634729 0.752281 0.361843 0.834015 -0.076838
-1 0.000977 -0.541563 0.184813 -0.166877 -0.538089 0.670258 -0.440347
-1 0.000977 2.688229 2.570478 -0.150105 0.005912 0.057326 -0.170469
-1 0.000977 -0.256015 -0.510103 0.442278 -0.000323 -0.906988 -0.352296
-1 0.000977 0.372370 -0.192782 -0.172839 0.119062 -0.641349 0.410052
-1 0.000977 -0.367498 0.652397 -0.660001 -0.582988 0.030839 0.410960
-1 0.000977 -0.118977 -0.965622 -0.504961 -0.404742 -0.340771 -0.225908
-1 0.000977 4.246972 -1.032224 1.193252 -0.038304 0.137829 -0.245673
-1 0.000977 0.023598 -0.821546 0.151790 0.128430 0.051568 0.601311
-1 0.000977 2.926918 5.852041 4.703216 -0.015419 0.120336 -0.216152
-1 0.000977 0.842659 0.464769 0.316169 -0.472188 0.008726 -0.359866
-1 0.000977 -2.250363 3.821156 3.715100 -0.049135 -0.034311 0.195412
-1 0.000977 -0.206515 -0.268838 0.307200 -0.158733 0.164402 0.391386
-1 0.000977 0.056768 -0.254242 0.644862 0.239245 0.213897 -0.066921
-1 0.000977 -0.105241 -0.044546 0.542093 -0.089651 -0.233620 0.241896
-1 0.000977 0.619041 -1.047156 -0.745961 0.423559 -0.477279 0.311884
-1 0.000977 0.263392 -1.451045 -0.135664 -0.010361 -0.362548 0.300996
-1 0.000977 0.018798 0.195441 0.218612 -0.076890 0.131473 0.212377
-1 0.000977 0.450772 0.507104 -1.307449 0.772974 0.656346 -0.743030
-1 0.000977 -0.289333 -0.492891 0.360163 -0.432272 -0.738331 0.324781
-1 0.000977 0.375373 0.356741 -0.496772 0.333772 0.221546 0.571516
-1 0.000977 -0.135889 -1.007962 0.351054 0.079648 -0.199401 -0.250116
-1 0.000977 -1.638933 -0.408452 -1.124481 0.108911 0.393039 0.400232
-1 0.000977 0.370068 0.903072 -0.749507 0.303205 0.561052 -0.111358
-1 0.000977 -0.750358 1.466128 1.168865 -0.056513 0.327153 0.167130
-1 0.000977 0.466597 -1.509928 0.367822 0.063800 -0.672288 0.551315
-1 0.000977 -1.553624 0.817741 -0.180589 0.032445 0.148988 0.309003
-1 0.000977 -0.096568 -0.403920 0.975194 0.609474 0.057320 -0.042983
-1 0.000977 -0.731317 0.313969 0.559562 -0.693525 -0.072426 0.412908
-1 0.000977 1.833826 -2.153343 -0.030804 0.178625 0.312885 -0.331671
-1 0.000977 -1.056591 -0.945919 -0.387675 0.120135 -0.542357 -0.494225
-1 0.000977 -0.544996 -0.360016 -0.286360 0.054752 0.031826 0.187602
-1 0.000977 -0.578352 0.636458 0.240361 -0.687986 -0.069503 -0.170873
-1 0.000977 0.212173 0.554649 -0.232070 0.062396 -0.005070 -0.551849
-1 0.000977 -0.318343 -1.817604 1.097027 0.028041 0.121167 0.170466
-1 0.000977 -0.095722 -0.211837 -0.180096 0.083854 0.193379 -0.557845
-1 0.000977 0.151815 -0.293060 1.167131 0.365690 0.157910 0.898058
-1 0.000977 1.308751 0.008740 -0.571935 0.575189 0.483449 -0.514697
-1 0.000977 0.291894 0.054165 1.058906 0.195960 -0.016760 -0.040650
-1 0.000977 0.124202 -0.747867 0.070153 0.121830 0.017713 0.013627
-1 0.000977 0.437758 -0.415278 -0.715343 0.192745 -0.500671 -0.813235
-1 0.000977 -0.474905 0.632621 0.303429 -0.346378 -0.026149 -0.531190
-1 0.000977 -0.224965 -0.480687 -0.280675 -0.205324 -0.577539 -0.043786
-1 0.000977 0.680253 -1.208269 0.684285 -0.027957 -0.173186 0.334240
-1 0.000977 0.887720 -0.557354 1.143046 -0.137656 -0.561584 0.297845
-1 0.000977 -0.397203 -0.708348 0.797605 -0.862117 -0.354876 0.292189
-1 0.000977 0.583539 0.270291 -0.122801 0.402364 0.232463 0.221441
-1 0.000977 0.013973 0.287535 0.338159 -0.044065 0.821982 0.347036
-1 0.000977 0.765682 -0.735695 0.667454 -0.494348 -0.521872 0.352461
-1 0.000977 -0.006833 -0.470897 -0.941119 0.639769 -0.112860 -0.447941
-1 0.000977 0.578911 3.313260 -1.204911 0.272787 -0.086471 0.006151
-1 0.000977 0.837543 1.194959 1.508359 -0.113540 0.486165 -0.271160
-1 0.000977 -0.352539 0.502607 0.317850 0.071207 -0.321396 0.397317
-1 0.000977 -0.248815 0.809943 1.013918 -0.192874 -0.227607 0.527748
-1 0.000977 -0.375948 -0.087020 -0.556693 -0.232628 0.039274 -0.871525
-1 0.000977 -0.977922 2.655214 -3.823101 -0.095174 0.081954 0.045686
-1 0.000977 0.126396 0.040675 -1.022288 -0.392594 -0.111337 -0.465119
-1 0.000977 0.245921 0.932957 0.113628 0.167752 0.673370 0.333247
-1 0.000977 0.206446 -0.472190 -1.277234 0.277555 0.065838 -0.878508
-1 0.000977 -0.260477 -0.989684 0.181064 -0.069215 -0.567281 0.440405
-1 0.000977 -1.142661 0.515780 -0.007459 -0.654080 0.635360 0.201372
-1 0.000977 0.185117 -0.249568 -0.757889 -0.566443 -0.113813 -0.828163
-1 0.000977 -0.064248 -0.149586 -0.479596 -0.708405 -0.129190 -0.380413
-1 0.000977 0.889743 0.100242 -2.302728 0.299557 0.155775 0.381197
-1 0.000977 -0.501678 -0.212672 0.253574 -0.256162 -0.388754 0.544253
-1 0.000977 0.003580 -0.399165 1.013385 -0.820737 -0.215311 0.334451
-1 0.000977 1.185652 -1.068614 -0.310400 0.310258 0.082096 0.167046
-1 0.000977 -1.194540 -0.416637 -0.118595 -0.933297 -0.328889 0.089561
-1 0.000977 -1.092945 -0.608426 0.705623 -0.672545 -0.215831 0.616429
-1 0.000977 0.848257 -0.984472 -0.666864 0.135657 0.518760 -0.473527
-1 0.000977 -0.850899 -0.378258 0.041802 -0.093774 -0.126717 0.323472
-1 0.000977 0.214166 0.573202 0.200981 0.603317 0.187562 -0.021779
-1 0.000977 -1.031238 -1.076497 0.359454 0.526674 -0.214657 0.399126
-1 0.000977 -0.285510 0.678301 -0.061644 0.199206 0.460956 -0.298951
-1 0.000977 -0.419925 0.482726 -0.760458 0.022234 0.518533 -0.087385
-1 0.000977 0.748577 -1.412480 0.809117 0.238253 0.083238 -0.429851
-1 0.000977 -0.406899 -0.047759 -0.357781 0.024598 0.386224 -0.416267
-1 0.000977 0.115611 0.687833 0.371041 0.266288 0.855297 -0.179304
-1 0.000977 0.234575 0.676065 -0.364734 -0.404297 0.567262 -0.094434
-1 0.000977 -0.518966 -0.423212 -0.048396 -0.441372 0.326280 0.057629
-1 0.000977 -0.877643 -0.695663 0.046864 -1.012420 -0.495199 0.117044
-1 0.000977 0.626264 -1.153192 0.411243 0.541733 -0.875123 0.101737
-1 0.000977 1.265106 -0.040893 0.250961 0.231387 0.717333 0.322053
-1 0.000977 0.966533 -0.908340 -0.146624 0.582035 -0.893291 -0.027517
-1 0.000977 -0.401890 0.528601 -1.260051 -0.668687 -0.060016 0.157820
-1 0.000977 -0.343590 0.816384 -0.043220 -0.342719 0.328218 -0.235952
-1 0.000977 -0.330639 -0.499274 -0.256920 -0.098669 0.243857 -0.243194
-1 0.000977 2.362465 0.916870 0.597608 0.156025 0.303948 -0.366548
-1 0.000977 0.245776 -0.810019 -0.705663 0.161190 0.364098 0.213349
-1 0.000977 -1.476861 -1.951524 0.044610 -0.069170 -0.106179 -0.074236
-1 0.000977 0.105258 0.167219 1.758541 -0.213229 -0.265289 0.135228
-1 0.000977 0.884648 0.222891 -0.094456 0.790321 -0.088517 -0.223597
-1 0.000977 -0.600945 -0.350884 -0.473598 -0.203137 -0.927143 -0.162201
-1 0.000977 0.239883 0.523966 0.525947 0.477840 0.263099 0.797402
-1 0.000977 -0.141082 -0.922645 -0.375699 -0.673203 -0.018573 -0.223354
-1 0.000977 1.651457 0.499648 0.127658 0.759702 0.229087 -0.340170
-1 0.000977 -0.600369 0.459262 0.573011 0.050838 0.710212 0.712670
-1 0.000977 0.540666 0.099330 0.120822 0.880404 -0.054547 0.087682
-1 0.000977 -0.390327 0.225222 -0.895734 0.046997 -0.135504 0.450689
-1 0.000977 -0.473007 -1.017581 0.388009 -0.844129 -0.790465 0.198234
-1 0.000977 -0.479881 0.256334 0.564749 -0.365721 -0.291967 0.311064
-1 0.000977 -0.147859 -0.291143 1.079285 -0.798872 -0.266394 0.336108
-1 0.000977 -0.481328 -0.271643 -0.285019 -0.505348 0.367651 0.199003
-1 0.000977 -0.126588 0.412553 -0.023956 -0.148478 -0.125981 -0.234260
-1 0.000977 0.224208 -0.250434 -0.942832 -0.189575 -0.571230 -0.650836
-1 0.000977 -2.882285 -1.277554 0.509541 -0.056473 0.118728 -0.097185
-1 0.000977 -1.747376 4.295053 4.176901 0.037314 -0.060047 -0.058195
-1 0.000977 -2.728934 0.752485 0.413818 -0.133544 -0.094531 -0.010326
-1 0.000977 0.424495 -0.905427 0.455321 0.314278 -0.588253 0.746306
-1 0.000977 0.132936 0.883457 -0.384583 0.339007 -0.329829 -0.391796
-1 0.000977 2.935551 -0.698446 0.931174 0.001194 -0.055581 -0.175248
-1 0.000977 -0.133106 -0.039025 -0.766726 0.121314 0.101522 -0.889371
-1 0.000977 0.436992 0.313991 -0.376999 0.060248 -0.040267 -0.471693
-1 0.000977 0.341706 -0.212648 1.219436 0.117801 -0.525608 0.116231
-1 0.000977 -0.215625 0.091170 -0.559659 -0.180061 -0.005093 -0.500813
-1 0.000977 0.328654 -0.018835 1.036299 -0.000521 0.141959 0.939701
-1 0.000977 0.558638 -0.640643 -0.570155 0.385805 -0.503646 -0.724804
-1 0.000977 -0.663542 -1.128961 0.826787 0.219454 -0.061260 0.716532
-1 0.000977 0.032866 -0.048531 -0.460923 0.055181 -0.251507 -0.394014
-1 0.000977 0.535154 0.047856 -0.466014 0.771929 0.303149 -0.562107
-1 0.000977 -0.003099 -0.429809 -0.942912 -0.015616 -0.792357 -0.630061
-1 0.000977 -0.348233 -0.559811 -0.886394 0.373842 -0.979514 -0.384498
-1 0.000977 -0.033130 0.575323 0.303286 -0.007762 0.486523 -0.366727
-1 0.000977 1.111303 -2.771753 -3.759716 -0.105686 -0.026473 0.514325
-1 0.000977 -0.029995 -1.602266 -1.817626 0.194875 -0.339916 -0.439782
-1 0.000977 -1.241686 -0.836717 0.308982 -0.048549 -0.576849 -0.169073
-1 0.000977 -0.200402 0.466328 -0.673078 0.130783 0.030473 -0.167842
-1 0.000977 0.305172 0.659307 2.822455 0.081793 0.417855 0.292353
-1 0.000977 -0.271530 0.312826 1.195822 0.332782 -0.238713 -0.234058
-1 0.000977 0.404052 0.102164 -0.483856 0.704406 0.219173 -0.428193
-1 0.000977 -0.448614 -0.140684 -0.288469 -0.454700 -0.483404 -0.683455
-1 0.000977 -0.769197 -1.120673 0.642912 0.027182 -0.013552 0.020042
-1 0.000977 -2.198842 -3.320841 1.179359 0.119242 -0.129253 -0.302101
-1 0.000977 0.036704 0.227801 -0.355450 -0.704868 0.223081 -0.346128
-1 0.000977 -0.109887 -0.533227 -0.599856 0.327083 -0.738760 -0.607501
-1 0.000977 0.298509 1.350943 0.578046 0.570118 0.746596 0.216611
-1 0.000977 1.793271 0.152167 0.436626 0.363643 0.176868 -0.389227
-1 0.000977 -0.004644 -0.276606 -1.287715 0.354064 -0.539476 -1.012225
-1 0.000977 -0.526694 -0.240686 -0.242369 -0.083354 -0.147819 -0.493005
-1 0.000977 -0.411996 -1.274713 -0.520444 -0.126343 -1.066285 -0.409979
-1 0.000977 -0.581589 -0.013072 -0.435262 -0.301397 -0.242252 -0.868405
-1 0.000977 -0.284940 0.771599 0.228241 -0.423180 0.292016 -0.267402
-1 0.000977 -0.126869 -1.181975 0.126794 -0.386971 -0.607228 0.268545
-1 0.000977 -0.689226 0.199566 -1.171422 -0.263063 0.462778 -0.114917
-1 0.000977 -0.687231 0.071584 -0.181766 0.140389 -0.107202 -0.211566
-1 0.000977 0.093339 0.100511 -0.605624 -0.013658 -0.081247 0.391286
-1 0.000977 0.007816 0.766410 0.627578 -0.119482 0.488664 0.554819
-1 0.000977 0.202845 0.241999 0.763203 -0.248886 0.580009 0.114985
-1 0.000977 -0.099483 0.182424 0.190851 0.129601 0.280446 0.606189
-1 0.000977 3.399309 1.567939 -1.067626 -0.324391 -0.049940 -0.145193
-1 0.000977 0.063766 0.975805 0.450600 -0.139699 0.532988 0.235068
-1 0.000977 0.692185 1.635373 -1.033450 0.113508 -0.243351 0.089296
-1 0.000977 -0.835260 -0.432396 -0.289337 -0.550971 -0.267934 -0.240679
-1 0.000977 1.375467 0.732569 1.220683 0.604530 0.217907 0.349038
-1 0.000977 0.157367 -0.083731 1.022924 0.093327 -0.311653 0.250415
-1 0.000977 0.136482 0.191296 -0.406834 0.295151 0.264691 -0.638105
-1 0.000977 -0.127834 0.478809 1.196970 -0.461085 -0.145406 0.746194
-1 0.000977 -0.741150 1.015799 1.241033 -0.704428 -0.070596 0.355717
-1 0.000977 0.563103 -0.458079 1.093347 0.744641 -0.125661 0.925017
-1 0.000977 1.071168 0.588445 -0.578711 0.846136 0.208389 0.103142
-1 0.000977 1.131897 0.613865 0.932341 0.906184 0.519998 0.634394
-1 0.000977 0.551906 0.394087 -0.043114 0.580457 0.107352 -0.412331
-1 0.000977 -0.535888 0.685434 0.347673 -0.578413 0.615248 0.252044
-1 0.000977 0.308893 -2.703608 1.116737 -0.031397 -0.321080 0.217996
-1 0.000977 -0.183133 0.179813 -0.491179 0.237034 0.635802 -0.398964
-1 0.000977 1.667224 -0.656257 0.412398 0.025603 -0.216751 0.455274
-1 0.000977 0.871890 -0.107782 1.218992 0.320312 0.030412 0.380190
-1 0.000977 -0.920561 0.479869 -0.064471 -0.491553 0.257504 0.035623
-1 0.000977 0.161573 -0.881674 -0.391942 0.643718 -0.638103 -0.261314
-1 0.000977 0.564921 1.265103 0.941575 -0.339198 0.324594 0.779300
-1 0.000977 -0.480531 0.318684 -1.762056 -0.296688 0.175143 0.036382
-1 0.000977 0.630108 0.238390 -0.766277 -0.219564 -0.095392 -0.240807
-1 0.000977 0.315816 -0.418762 -0.134783 -0.565768 -0.090833 -0.559510
-1 0.000977 0.830033 -0.127196 -1.800672 0.019640 -0.255581 -0.699637
-1 0.000977 -2.385792 -0.866040 -1.925284 -0.026373 0.190735 -0.205811
-1 0.000977 1.104498 -0.530733 -0.905740 0.525000 -0.353931 -0.776601
-1 0.000977 -0.861470 1.205383 0.152613 -0.352093 1.044385 -0.134735
-1 0.000977 -0.609251 0.580778 1.767472 -0.151266 -0.438430 0.051259
-1 0.000977 10.795022 7.023608 -3.333223 -0.073192 -0.048704 -0.014056
-1 0.000977 0.185154 -0.411724 0.116958 -0.247223 0.087628 -0.701356
-1 0.000977 -0.240529 -0.549742 -0.772342 -0.027205 -0.211733 -0.267853
-1 0.000977 0.101013 -1.137943 -0.127356 -0.286665 -0.067255 0.414869
-1 0.000977 -1.046668 1.431574 1.138330 0.064506 -0.066491 0.487613
-1 0.000977 0.847951 0.212050 -0.049612 0.651623 0.405958 -0.854200
-1 0.000977 -0.798701 0.137026 0.209127 -0.325315 -0.114210 -0.270664
-1 0.000977 -0.620278 -0.758949 -0.031277 -0.647227 -0.705302 0.317872
-1 0.000977 -0.267543 1.367241 -0.016361 -0.417991 0.596648 -0.219767
-1 0.000977 -0.468422 -0.951701 -0.495560 -0.485103 -0.844129 -0.644560
-1 0.000977 0.087117 -0.070505 0.247062 -0.714214 0.359549 -0.079971
-1 0.000977 0.176691 -1.021778 0.269064 -0.336796 -0.660228 0.231196
-1 0.000977 -0.217167 0.054565 0.928007 0.201012 -0.329005 -0.172738
-1 0.000977 -0.040420 0.549853 -0.727444 0.529107 -0.070628 -0.119391
-1 0.000977 0.379098 -0.380092 -6.382023 -0.251508 -0.088464 -0.229538
-1 0.000977 0.724827 0.515942 -0.141146 0.194029 0.596591 0.017988
-1 0.000977 1.423439 0.128132 -1.178098 0.245373 -0.135695 -0.421873
-1 0.000977 -0.604135 -0.421363 0.372996 -0.491235 -0.745808 0.189955
-1 0.000977 -0.708292 0.272550 -0.200532 -0.418500 0.232735 0.215382
-1 0.000977 -0.039115 1.015073 1.686901 0.506914 0.393060 0.656700
-1 0.000977 0.087006 0.092979 -0.762600 -0.174314 0.034992 -0.094125
-1 0.000977 -0.652137 -1.280500 -0.194632 0.377496 0.237548 0.071164
-1 0.000977 1.894370 1.068034 -1.065910 -0.038633 0.231344 0.203847
-1 0.000977 -0.310203 -1.112166 0.363044 0.541231 -0.345753 0.302705
-1 0.000977 -0.614119 0.340922 0.628503 -0.798164 0.566146 0.560764
-1 0.000977 0.088344 -1.060237 -0.132423 0.238791 -0.521530 0.547100
-1 0.000977 -0.351504 -0.622630 0.691533 -0.032680 -0.265186 0.120537
-1 0.000977 0.401643 -1.078468 1.957949 0.438414 0.142014 0.385389
-1 0.000977 0.249548 -0.228640 0.306296 0.388454 -0.407965 0.108830
-1 0.000977 -0.234581 0.263653 -0.426398 -0.088653 -0.257248 0.424866
-1 0.000977 -2.432475 1.304138 -0.825612 -0.467492 0.240583 -0.152234
-1 0.000977 0.343832 -2.282110 -0.193350 0.327723 -0.148180 0.039260
-1 0.000977 -0.288945 1.408297 -2.556662 0.012714 0.251694 0.050470
